(1283, 9113)
(1079, 6335)
(3873, 8877)
(4840, 6824)
(8387, 8715)
(2429, 9553)
(1439,)
(7397, 8990)
(10051,)
(313, 4101)
(879, 9421)
(1061, 6256)
(1335, 8604)
(1248, 6277)
(9387, 9861)
(7822,)
(9099,)
(7704, 9565)
(783, 1031)
(925,)
(628, 7152)
(3160, 8851)
(8199, 9119)
(2470, 9220)
(7929, 9316)
(247,)
(3189, 3599, 8604)
(8748, 9325)
(347, 4172)
(2335,)
(5271, 8389)
(3868, 7305)
(9020, 9556)
(2104, 9035)
(1804, 4636)
(853, 1648, 2080)
(2669, 8455)
(2358, 7366)
(9749,)
(4987, 8126)
(7622, 9136)
(779, 3494)
(6794,)
(856,)
(9251, 9708)
(8458, 9620)
(2255, 8068)
(75, 8285)
(6410, 9833)
(6414, 6757)
(8189,)
(501, 7939)
(2944,)
(9893,)
(7492, 9530)
(7994, 9367)
(6383, 9842)
(1335, 3992)
(5857, 8161)
(1428, 5282)
(4944, 9301)
(2230, 7550)
(6858, 8028)
(2511, 9154)
(630, 8417)
(98, 4828)
(5805, 7724)
(2647, 7941)
(925, 4320)
(8035, 8101)
(9770,)
(2055, 5260)
(1813, 3787)
(925, 4320, 5153)
(6837, 9933)
(158, 6237)
(828, 4204)
(2037, 9017)
(1150, 7412)
(4104, 9458)
(933, 9538)
(3285, 8800)
(9157,)
(4001, 6475)
(8541, 9074)
(2353, 9361)
(4836, 6984)
(219, 3559)
(8861, 8904)
(3912, 7055)
(6479, 9393)
(4065, 8804)
(5453, 9201)
(9255, 9313)
(3940, 9453)
(712, 8994)
(8738, 9878)
(379,)
(2669, 2852)
(3024, 5318)
(8950, 9263)
(7935, 9827)
(1518,)
(1720, 6162)
(3516,)
(8984, 9302)
(806, 5393)
(9807,)
(8758,)
(2341, 9953)
(9479, 9884)
(5357, 7275)
(7898, 9090)
(6219, 8339)
(9881,)
(6072, 8432)
(2831, 3593)
(4129, 9875)
(3730, 7205)
(719, 5820)
(1703, 7435)
(891, 6630)
(8244,)
(3594, 3683)
(885, 4496)
(1119,)
(86, 3510)
(3606, 6099)
(5026, 9980)
(3579, 10005)
(2740, 8565)
(855, 2936)
(2384, 9593)
(1435, 4159)
(65, 2964)
(2204, 8682)
(6073, 9906)
(4430,)
(1283,)
(9828,)
(7527, 8038)
(3552, 8867)
(5655, 8304)
(7363, 9888)
(4092, 8314)
(3706, 8909)
(5200, 9801)
(7263, 9818)
(1720, 2692)
(3367, 9054)
(6945, 9897)
(1818,)
(4072,)
(8265,)
(4254, 5241)
(7231, 8679)
(400, 8410)
(410, 4775)
(9837, 9876)
(1140,)
(6174, 7719)
(730, 6182)
(1322, 9656)
(9003, 9812)
(397, 1697)
(5154,)
(8658, 9434)
(6375,)
(2124, 9472)
(8173, 8873)
(8358, 9366)
(2215, 2536)
(6720, 9472)
(271,)
(9068, 9797)
(2251, 8150)
(6989, 9869)
(8310, 8448)
(1015, 5511)
(6258, 8886)
(8038, 9428)
(8890,)
(410, 447)
(6711, 8144)
(48, 7148)
(4840, 9178)
(6910,)
(1041, 7821)
(8868, 9374)
(9385, 9745)
(4270, 9442)
(7941, 9699)
(8033,)
(3058, 3932)
(559, 9191)
(1151, 9006)
(2631, 9305)
(1541, 3509)
(3802, 6637)
(6274, 6936)
(957, 7211)
(7706, 9852)
(475, 4056)
(9515,)
(9548, 10037)
(1727, 7960)
(5399, 8869)
(2103, 3786)
(1473, 4688)
(9245, 9616)
(2557, 9832)
(1222, 4267)
(736, 9506)
(792, 4934)
(1860, 3705)
(4753, 8538)
(5624, 9779)
(5444, 9608)
(3194, 9372)
(7433, 9378)
(2367, 5317)
(2751,)
(1140, 6446)
(1742, 8366)
(4144, 10061)
(1518, 3875)
(3184, 4774)
(956, 6231)
(5361, 6018)
(7532, 9216)
(4707, 8715)
(1483, 6603)
(9462,)
(3835, 8655)
(2616, 6585)
(1017, 7670)
(4811, 8774)
(1190, 8609)
(6223, 8879)
(313,)
(1225, 7133)
(2852, 5311)
(9626,)
(905, 7477)
(2218, 4840)
(403,)
(3903, 5205)
(7619, 9006)
(7745,)
(6696,)
(3821,)
(3820, 9942)
(2974, 6029)
(9112,)
(4281, 7685)
(9859, 9986)
(1117, 9054)
(8434,)
(617, 1624)
(5695, 9946)
(399, 9607)
(4834, 8089)
(131, 8266)
(4070, 8310)
(5492, 7313)
(2023, 9747)
(5718, 8764)
(7924, 9755)
(680, 2360)
(7649, 9657)
(6469, 6764)
(6906, 9935)
(370, 6875)
(3365, 9995)
(3765, 8679)
(5159, 8311)
(3805, 4084)
(885,)
(292, 4424)
(2740, 7938)
(9279, 9668)
(8414, 9782)
(909, 6248)
(3301, 9242)
(2800, 8175)
(8241, 8597)
(1863, 7618)
(1002, 9184)
(147, 9184)
(2245, 7521)
(80, 8525)
(9594,)
(2128, 8547)
(131, 6787)
(3177, 3327)
(4730, 6424)
(8707,)
(5694, 9242)
(7432,)
(9451, 10013)
(1510,)
(461,)
(2360, 3299)
(4429, 5729)
(4423, 9463)
(790, 9718)
(67, 4823)
(4124, 5247)
(2850, 9438)
(6562, 9871)
(1222, 2905)
(523, 9713)
(1699,)
(1639, 6966)
(9170,)
(4800, 6389)
(195, 4928)
(1221, 10025)
(842, 4079)
(510, 651)
(1084, 1241)
(5248, 8413)
(8754, 9009)
(741, 9384)
(6941, 6996)
(1111,)
(453, 9460)
(2875, 6321)
(6794, 9311)
(3574, 9694)
(1185,)
(2252, 5160)
(9235,)
(8656,)
(3852, 8675)
(7616, 8925)
(9291, 10090)
(4981, 9700)
(5940, 8713)
(1938, 5387)
(462, 9417)
(845, 1303)
(8090, 9248)
(943, 8204)
(1647, 4259)
(9930, 10030)
(34, 9167)
(7385, 8549)
(602, 4886)
(195, 3523, 6364)
(7433, 8685)
(379, 9912)
(9984,)
(2359, 4752)
(5852,)
(3529, 5313)
(739, 9975)
(6686, 8561)
(86, 3924)
(4340, 9836)
(2508, 9549)
(8321, 9982)
(5243, 9726)
(1810,)
(3184, 7817)
(2930, 8615)
(2752, 3076)
(4941, 8534)
(2019, 9265)
(923, 2677)
(1905, 6059)
(2205, 2997)
(2334, 6300)
(2720, 7818)
(2274, 7832)
(9396,)
(5114, 6168)
(4635, 9387)
(3352, 7745)
(1099, 2317)
(6321, 9758)
(2895, 8715)
(7325, 9140)
(434, 6409)
(338, 7400)
(928, 10050)
(5761,)
(1664, 2346)
(8524, 9378)
(5702, 9262)
(9841,)
(1423, 7728)
(8827, 9867)
(4533,)
(1904, 4414)
(2098, 3266)
(7409, 8468)
(9624, 9625)
(8404, 9445)
(5936, 9534)
(6877, 9412)
(814, 8955)
(237, 9482)
(1659, 2048)
(6320, 8136)
(1794, 7415)
(10021,)
(1956, 7461)
(4115, 8613)
(5771,)
(6283, 6808)
(1847,)
(1051, 4388)
(80, 4979)
(3494, 4805)
(1330, 2565)
(2824, 9599)
(7322, 9509)
(8593, 9077, 9281)
(404, 1827)
(8694, 9525)
(3604, 8294)
(64, 5273)
(109, 9228)
(2155, 9905)
(8031, 9786)
(4278, 9276)
(1948, 8022)
(2457, 9990)
(6485, 7754)
(1734, 9530)
(6786, 9786)
(2984, 8043)
(2534, 6616)
(8638, 9331)
(2369, 6624)
(4567, 8669)
(5929, 9811)
(2151, 9460)
(4526, 4874)
(8042, 8213)
(605, 2664)
(1517, 8874)
(4431, 7018)
(6592, 8475)
(6890, 7757)
(911, 3815)
(4531, 6338, 9085)
(296, 3266)
(9292, 9553)
(3350, 4874)
(9952,)
(947, 2716)
(374, 9019)
(7402, 9052)
(8154, 9337)
(3565, 4470)
(8843, 9476)
(7655, 8185)
(6965, 9648)
(537, 3049)
(78, 9174)
(3333, 9162)
(1819, 9881)
(5323, 9335)
(6726, 7729)
(2230, 3148)
(2540, 4868)
(838, 3418)
(2180, 2344)
(1294, 8786)
(6751, 7722)
(910, 1189)
(4213, 8687)
(9410, 9466)
(6677, 7627)
(1817, 8712)
(822, 7364)
(9528,)
(6993, 9678)
(4519, 8074)
(2296, 3190)
(3427, 6074)
(1741, 5078)
(5408, 7512)
(943, 3146)
(809, 2566, 4193)
(1766, 7111)
(1233,)
(1945, 7582)
(1959, 4466)
(1929, 9136)
(6688,)
(1459, 5955)
(7967, 9259)
(3356, 9035)
(658, 1195)
(8848, 9571)
(8482, 9053)
(187, 1710)
(2145, 3543)
(6794, 8550)
(4263, 10073)
(4297, 9913)
(840,)
(8878, 9233)
(5414, 8953)
(1320, 7928)
(416, 7162)
(2679, 3121)
(3590, 3708)
(1520, 6571)
(574, 3476)
(5548, 7932)
(318, 5080)
(7866, 9033)
(1961, 5983)
(3014, 9614)
(4939, 10068)
(6508, 7833)
(6729, 7321)
(416, 3654)
(117, 6884)
(3164,)
(2271, 9739)
(8705,)
(7320, 9966)
(5280, 6903)
(194, 9023)
(6491, 7368)
(653, 5245)
(8164, 9601)
(1018, 7489)
(752, 8633)
(90, 5962)
(54, 6356)
(2875,)
(4810, 9542)
(258, 612)
(3061, 6326)
(1803, 8811)
(4014,)
(2594, 8535)
(3505, 9787)
(6340, 9790)
(3806, 8929)
(767, 5558)
(2014, 3364, 4420)
(5839, 8398)
(2012, 3975)
(8537,)
(64, 7578)
(1737, 8536)
(7405, 8705)
(233, 2669)
(1707, 7308)
(4181, 8920)
(9708, 9789)
(7726, 8152)
(8908, 9066)
(5766, 8439)
(3500,)
(2047, 3230)
(9004, 9505)
(552,)
(2566,)
(9006, 9894)
(9072,)
(4049, 9242)
(602, 1955)
(2882, 3127)
(3387, 4910)
(642,)
(746, 5653)
(1675, 2130)
(5207, 8415)
(2868, 3368)
(2745, 8661)
(3323, 9223)
(59, 171)
(7413, 9776)
(2175, 4755)
(2761, 6336)
(2464, 6198, 7819)
(5553, 9156)
(1103,)
(6154, 9508)
(3370, 5097)
(4535, 4729)
(379, 1967)
(1407, 9934)
(2461, 5632)
(1568, 3275)
(8223,)
(3074, 8677)
(845, 3961)
(8438, 9040)
(4371, 8033)
(3476, 8710)
(342, 7321)
(448, 1143)
(3805, 6630)
(7524, 9770)
(5463,)
(83, 10052)
(4414,)
(1193, 6476)
(2472,)
(5154, 8897)
(5417, 6382)
(5804, 9710)
(5599, 5975)
(3024, 7557)
(11, 1117)
(2866, 8749, 9719)
(1115, 8112)
(1635, 9447)
(1605, 5747)
(4221, 8291)
(1091, 4718)
(45, 826)
(849, 3600)
(586, 9194)
(9060, 9563)
(1579, 1647)
(910, 1319)
(1671, 3190)
(3384, 8693)
(7050, 8936)
(420, 6659)
(1672, 4494)
(6504, 9844)
(472, 2113)
(3704, 6804)
(1273, 1297)
(371, 9754)
(889, 8394)
(914, 7171)
(7831, 8950)
(8339,)
(2784, 3124)
(4313, 9440)
(605, 8027)
(5138,)
(4641, 9671)
(766, 8055)
(9478,)
(1480, 4505)
(2981, 3889)
(1904, 5436)
(8858, 8877)
(4891, 8430)
(9053, 9844)
(1288,)
(724, 1702)
(4717, 10081)
(3632, 9277)
(247, 6624)
(6612, 8758)
(6448, 7236)
(4470, 9183)
(497, 3393, 5515)
(7273, 9664)
(511, 1377)
(270, 5215)
(5382, 8636)
(906, 2946)
(1542, 7847)
(73, 8735)
(3180, 8860)
(334, 3849)
(4833, 9484)
(10013,)
(8964,)
(6386, 9031)
(7704, 9461)
(1278, 4843)
(1506, 9713)
(1453, 7343)
(980, 2391)
(2722, 9271)
(1097, 2270)
(2110,)
(7185, 9539)
(1943, 2304)
(8141, 9364)
(5296, 9080)
(8809, 9447)
(3558, 9832)
(9499,)
(6142, 6489)
(7984, 9049)
(5506, 8350)
(5873, 8843)
(2530,)
(1066, 5593)
(9733, 9863)
(6582, 9128)
(2050, 6265)
(1831, 9963)
(167, 7127)
(4552, 9123)
(4835, 8288)
(3578, 4534)
(3047, 9305)
(1185, 7976)
(3900, 6180)
(7053, 8710)
(6513, 7712)
(2706, 8612)
(212, 525)
(291, 6818)
(886, 4589)
(7005,)
(3494, 8805)
(362, 6788)
(9286, 9731)
(8246, 8945)
(6203, 10053)
(1537, 3763)
(469, 7284)
(9109, 9370)
(1420, 9743)
(4528, 9308)
(707, 8748)
(1147, 9226)
(7194,)
(3258, 6234)
(5976, 8659)
(512, 1757)
(924, 2070)
(1995, 7189)
(8371, 9913)
(828, 9128)
(9701, 9806)
(7290, 9222)
(3471, 3542)
(2726, 9386)
(6393, 9424)
(1837, 8500)
(8240, 8799)
(1346, 4820)
(3097, 7278)
(3915, 6784)
(1445, 9519)
(7729,)
(6680,)
(257, 6379)
(511, 7304)
(832,)
(183, 5407)
(8499, 9498)
(1096, 8758)
(6582, 9500)
(6443, 9194)
(5720, 9576)
(1030, 2561)
(2459, 9590)
(9135, 9965)
(5504, 7930)
(8459, 8670)
(9467,)
(1937, 8949)
(6182,)
(1037,)
(6695, 7677)
(553, 4633)
(882, 6275)
(1542, 7180)
(7305,)
(487, 7187)
(1302, 8123)
(425, 8030)
(2857, 5748)
(7762, 8103)
(9571, 9788)
(5346, 8091)
(7555, 9973)
(8953,)
(71, 9369)
(2032, 7456)
(435, 9586)
(5918, 9403)
(6970, 9182)
(265, 663)
(2647, 7961)
(7576, 9907)
(2478, 9374)
(9133,)
(255, 2514)
(6178, 7274)
(4058, 9677)
(809, 5597)
(644, 1122)
(5568, 9199)
(6549, 7008)
(2903, 9334)
(1500, 8630)
(4431, 4590)
(1398, 3501)
(5501, 7006)
(8805, 9209)
(9181, 9498)
(9169, 9190)
(1810, 3204)
(8728, 9849)
(5509, 9270)
(8812, 9764)
(1116, 6425)
(1840, 8112)
(7064, 9933)
(8709, 9011)
(2010, 2918)
(6293,)
(5348, 9345)
(9377, 9824)
(7615, 8657)
(1495, 4962)
(419, 2207)
(993, 6069)
(2477, 3788)
(2126, 4423)
(1355, 4674)
(4462, 9720)
(2985, 8350)
(1751, 7390)
(2454, 8506)
(2081, 9696)
(731, 925)
(6835, 7615)
(7432, 7702)
(1860, 6991)
(29, 1206)
(208, 7099)
(186, 2119)
(381, 8052)
(5131, 7271)
(3793, 8644)
(506, 9752)
(5246, 9781)
(5132, 5786)
(1988, 8414)
(6510, 7830)
(1231, 9568)
(1930, 6205)
(4140, 7721)
(8768, 10080)
(9185, 9846)
(1881, 6796)
(2718, 4239)
(1639, 6966, 8119)
(1982, 8772)
(167, 1748)
(4155, 9234)
(2431, 4141)
(1734, 7640)
(3495, 3691)
(9182, 9820)
(1638, 3596)
(6713, 7882)
(5560, 9484)
(8888, 9652)
(7158, 7704)
(8489, 9647)
(9593, 9797)
(5926, 8507)
(5245, 8937)
(82, 2345)
(7198, 7375)
(1431, 7145)
(6885, 10080)
(2748, 6507, 7549)
(2129, 8871)
(80, 546)
(476, 2808)
(5389, 8922)
(601, 7533)
(4089, 4928)
(3077, 9116)
(5455,)
(1811, 8073)
(6994, 9854)
(3583, 3676)
(2464,)
(3718, 8139)
(9804,)
(1051, 5952)
(930, 1852)
(125, 3021)
(4110, 7423)
(824, 5293)
(7727, 7729, 8072)
(2579,)
(919, 4133)
(9894,)
(4476, 4635)
(9336, 10038)
(8845,)
(1681, 8074)
(4895, 9165)
(9124, 9593)
(5767, 5919)
(5792, 6382)
(4329, 4677)
(4941,)
(6180, 7933)
(8211, 9985)
(1730, 8165)
(8241,)
(2254, 3715)
(1538, 9025)
(4676, 6796)
(3909, 8668)
(6691, 10033)
(5406, 9749)
(6181, 8820)
(2704, 9155)
(6026, 6795)
(3442, 9263)
(9380,)
(2639, 5354)
(1904, 6855)
(1351, 2262)
(7900, 9353)
(8677,)
(2160, 5846)
(8140, 8590)
(9825,)
(256, 4992)
(4198, 9836)
(9937, 9943)
(1309, 6596)
(9195, 9616)
(8727, 9728)
(189, 3064)
(4638, 6170)
(925, 3450, 4320)
(1756, 6073)
(8517, 9867)
(599, 9505)
(2414, 6442)
(3089, 7915)
(5611, 9793)
(8437, 8616)
(1605, 7910)
(1402, 9395)
(3599, 5275)
(821, 3066)
(748, 7302)
(7100, 7311)
(2361, 9020)
(4163, 9093)
(7032, 8454)
(616, 7318)
(8009,)
(2318, 9227)
(1632, 7583)
(434, 1406)
(2152, 9004)
(4311, 8988)
(3932, 9216)
(7217, 9198)
(351, 6945)
(1444, 4009)
(6462, 9205)
(8665, 10092)
(178, 2643)
(3521, 8549)
(813, 1448)
(3098, 8968)
(4118,)
(6372,)
(5074, 8661)
(3225,)
(5956, 9646)
(1393, 3153)
(6186, 9384)
(4233, 6784)
(1053, 5454)
(6158, 9833)
(4448,)
(9429, 9566)
(4556, 9527)
(1501, 8890)
(3554, 8881)
(4022, 9142)
(8083, 9293)
(36, 2541)
(7201, 8359)
(7307, 8357)
(2781, 5225)
(9936,)
(3933, 9785)
(7591, 9783)
(5563, 9722)
(8173, 9562)
(6077, 7078)
(1255, 2051)
(3741, 8438)
(10026,)
(1065, 6153)
(3034, 9291)
(7031, 9094)
(1120, 7799)
(4743,)
(4336, 8429)
(7470, 9384)
(803,)
(6269, 9085)
(8441, 9651)
(539, 5974)
(1952, 6260, 8896)
(5974, 6868)
(483, 7191)
(1108, 6875)
(7238, 8201)
(26, 3217)
(6791,)
(6297, 8667)
(6861, 8572)
(479, 4992)
(3472, 4582)
(1310, 5841)
(6393,)
(6161, 7849)
(2240,)
(6690, 9679)
(382, 8876)
(35, 7603)
(844, 3703)
(2251, 4236)
(3388, 9643)
(1914, 9559)
(2536, 3104)
(5579, 9495)
(522, 628)
(305, 10065)
(9602,)
(4801, 6475)
(2692, 5296)
(7409, 9605)
(3104, 3701)
(8924,)
(4529, 6273)
(4099, 8957)
(81, 1743)
(3727, 6492)
(5147, 5555)
(566, 8110)
(681, 3481, 7720)
(5903, 8102)
(6009, 9916)
(4378, 9312)
(6673, 9467)
(2471, 5488)
(3697, 5680)
(1251, 6468)
(8749, 9719)
(4512, 6195)
(6992, 9144)
(1275, 9455)
(1190, 6314)
(1500, 4380)
(6666, 9078)
(10, 4872)
(5216, 7608)
(6897, 7845)
(1100, 7067)
(4157, 7550)
(860, 2300)
(4786, 8337)
(9388, 9845)
(667, 10021)
(585, 10065)
(3394, 4123, 7540)
(1894, 3902)
(8899, 10022)
(120, 3168)
(6037, 9279)
(1058, 10043)
(2932, 8109)
(2018, 3403)
(1175, 9047)
(8544, 10055)
(439, 2776)
(4150, 10093)
(7194, 8494)
(8724, 9932)
(3205, 9870)
(2063, 5894)
(2879, 3397)
(3195, 7214)
(400,)
(2765, 9225)
(1191, 1613)
(3405, 3605)
(4295, 9337)
(5285, 7204)
(1557, 5814)
(7852, 8530)
(3250, 6672)
(3837, 5863)
(169, 2870)
(4758, 8700)
(7139, 9879)
(861,)
(7024, 8973)
(1333, 6942)
(2557, 6522)
(951,)
(9281, 9894)
(2873, 7532)
(3382, 8856)
(6878, 7524)
(3492, 9567)
(7190, 9145)
(6204, 7301)
(1980, 9980)
(475, 4521)
(1259, 9632)
(347,)
(138, 1205)
(4179, 9882)
(7436, 8286)
(6295, 8580)
(6723, 9955)
(67, 7841)
(3310, 7568)
(660, 4706)
(4523, 9079)
(5240, 9312)
(3517, 3989)
(827, 7633)
(5352, 9917)
(1015, 7860)
(3599,)
(8544, 9252)
(5967, 6288)
(9056,)
(5221, 6577)
(8891, 8962)
(3895, 9783)
(2879, 7895)
(4322, 7768)
(1732, 10009)
(4657, 9992)
(1077, 1142)
(7116, 9034)
(996, 8415)
(3804, 7107)
(3102, 5420)
(4757, 10068)
(7216, 7803)
(906, 2743)
(806, 2871)
(6056, 9404)
(1154, 8218)
(1325, 5287)
(8760, 9101)
(3391, 8314)
(1805, 2512)
(4131, 9970)
(1084, 5396)
(691, 9869)
(1254, 4463)
(2029, 9739)
(1530, 7080)
(4012, 9360)
(7177, 9003)
(1884, 8234)
(6397, 9111)
(1355, 8551)
(1161,)
(585, 4087)
(7405, 9803)
(5289, 9051)
(3881, 8684)
(364, 3337)
(976, 8490)
(8023, 9053)
(6775, 9106)
(779, 2861)
(7604, 8728)
(5518, 9176)
(3824, 9829)
(1453, 7643)
(1684, 3850)
(5493, 9880)
(5509, 6798)
(1052, 5946)
(8854, 9120)
(1696,)
(6279, 8716)
(1070, 5458)
(9842,)
(7549, 9583)
(896, 8220)
(3401, 6868)
(7113, 10032)
(7110, 9789)
(635, 5487)
(2140, 4663)
(5946, 9347)
(3473, 8037)
(3569, 8256)
(2151, 6064)
(3843, 8112)
(3068, 8748)
(8233,)
(7153, 9296)
(458, 1101)
(1850, 8209)
(2367, 8989)
(2211, 4828)
(1615, 10044)
(3789, 5651)
(2565, 4247)
(5303, 7079)
(361, 3546)
(4522, 7953)
(9372,)
(1133, 7152)
(1901, 9278)
(2786, 6958)
(6495, 8654)
(4329,)
(1052, 4078)
(761, 7286)
(5944, 9175)
(7113, 9492)
(3506, 4530)
(3355, 7522)
(1727, 1755)
(4520, 9769)
(6901, 9384)
(6803, 7407)
(234, 8129)
(2438, 9131)
(3408, 9268)
(358, 5141)
(7169, 9438)
(4838, 9186)
(1548, 8318)
(5558,)
(2871, 5320)
(5236, 7853)
(5270, 8889)
(2592,)
(1632, 3674)
(290, 3504)
(2479, 3700)
(9907,)
(8858,)
(8272, 10032)
(3247, 5838)
(536, 4495)
(797, 3671)
(52, 8888)
(2221, 3162)
(2938,)
(5383, 8332)
(1505, 7446)
(6111, 9454)
(6085, 7734)
(1178, 2255)
(8515, 9354)
(6377, 8635)
(2441, 8009)
(2463, 4771)
(8617, 10054)
(1403, 6763)
(2702, 8142)
(286, 6924)
(9350, 9559)
(1069, 3412)
(5859, 6281)
(3094, 3912)
(5274, 9294)
(2158, 9214)
(1749, 7393)
(432, 2772)
(2424,)
(2025, 7404)
(277, 4622)
(6750, 9800)
(759, 9170)
(7033, 9925)
(2759, 9061)
(7503, 8759)
(9213, 9568)
(7630, 9240)
(8129, 8976)
(70, 9859)
(2570, 9143)
(506, 4412)
(8002, 8130)
(780, 8791)
(6696, 6827)
(4459, 9656)
(631,)
(3251, 9966)
(6620, 9862)
(6789, 10021)
(1322, 7661)
(5868, 8172)
(2134, 7533)
(4864, 6894)
(6872, 9285)
(2968, 9795)
(4312, 5871)
(3848, 7624)
(1716, 7118)
(1321, 4214)
(2719,)
(2374, 3511)
(4077, 9250)
(8969,)
(188, 430)
(4571, 8386)
(794, 4154, 4625)
(2378, 7210)
(5768,)
(797, 9836)
(2297, 9404)
(8058, 8331)
(1398, 2851)
(583, 8713)
(1062, 1801)
(7079,)
(212, 3186)
(1934,)
(2171, 7924)
(1633, 8019)
(6511, 9349)
(3335, 5896)
(9341, 9376)
(7727, 7729)
(7029, 9673)
(5791, 9507)
(713, 4832)
(988, 9480)
(5210, 5453)
(1954, 7634)
(8451, 8733)
(1707, 3212)
(2633, 4116)
(8551, 9425)
(1085, 9956)
(192, 2356)
(8433, 8722)
(1639, 8862)
(1330,)
(4789, 5561)
(3184, 9303)
(3804, 9945)
(2456, 6492)
(1075, 8696)
(846, 6444)
(2010, 9466)
(2441, 2794)
(6189, 8445)
(2447, 10051)
(9126, 9546)
(2344, 4242)
(7737, 9225)
(6140, 6687)
(7911, 8039)
(824, 5461)
(3810, 6148)
(2118, 2604)
(7502, 8860)
(3097, 4076)
(7724, 8651)
(9192, 9583)
(2156, 6675)
(6944, 10026)
(5710, 6954)
(6392, 9520)
(5295, 7775)
(7653, 8438)
(913, 9648)
(8823, 9983)
(2747, 3384)
(5139, 9962)
(794, 4625)
(1270, 2033)
(5961, 9257)
(3389, 6816)
(906,)
(765, 2295)
(455, 8852)
(8528, 9899)
(856, 3664)
(5849, 8490)
(5178, 10016)
(9398, 9424)
(1441, 3453)
(5130, 7414)
(282, 9918)
(4525, 6686)
(784, 6477)
(5822, 9260)
(4630, 9752)
(941, 7837)
(541, 1732)
(5780, 6062)
(1256, 5613)
(3336, 7746)
(4969, 9714)
(2298, 6082)
(7049, 8389)
(641, 8849)
(5456, 6590)
(5160, 7527)
(7878, 8486)
(159, 481)
(1441,)
(3155, 9688)
(1742, 6863)
(5280, 9582)
(870, 6996)
(3885, 6087)
(4366, 9594)
(6516, 9003)
(1895, 5988)
(2827, 10040)
(754, 5470)
(882, 1283)
(9027,)
(7522, 8650)
(3688, 3773)
(7776, 9446)
(2494, 2675)
(1769, 8744)
(2848, 8593)
(678, 4948)
(8592, 9927)
(187, 6836)
(5355, 9042)
(5658, 5685)
(4963, 8537)
(8712, 9994)
(2111, 6636)
(1014, 4860)
(3560, 8763)
(433, 5775)
(2458, 4465)
(99, 1986)
(6481, 9650)
(667, 3039)
(6119, 9789)
(3838, 7934)
(9562,)
(2154, 3672)
(5833, 8798)
(7676, 8993)
(6277,)
(2238, 9290)
(8638, 9680)
(1215, 3878)
(925, 6995)
(1214, 10016)
(1256, 3863)
(4613, 7628)
(4542, 9898)
(2053, 9314)
(3798, 9342)
(3229, 6559)
(7632, 8655)
(5666, 8868)
(1324, 9438)
(569, 4534)
(7523, 9964)
(1033, 9584)
(3591,)
(8289, 9821)
(4168, 8219)
(5499, 9984)
(4710, 9388, 9845)
(3383, 9854)
(754, 4560)
(1703, 2771)
(1352, 7864)
(162, 3263)
(699, 8076)
(4037, 6475)
(1120, 6744)
(960, 2285)
(5098, 8268)
(858, 9009)
(6339, 9188)
(3189, 8604)
(1067, 6130)
(2878, 6221)
(6255, 9410)
(2225, 5975)
(9791, 9824)
(6067, 7857)
(2376, 4958)
(1301, 8722)
(4318, 7451)
(613, 8070)
(1972, 6182)
(1889, 9019)
(5445, 6794)
(1123, 1227)
(210, 9545)
(9599,)
(1923, 9379)
(8444, 9710)
(6130, 10039)
(3798, 9195)
(4894, 8612)
(1012, 5314)
(3894, 8243)
(380, 3700)
(3421, 9187)
(4081, 5560)
(564, 2733)
(1186, 2368)
(906, 5063)
(3904, 5164)
(3599, 7250)
(6275, 7705)
(452, 1455)
(7447, 9772)
(1847, 9417)
(4592, 6894)
(928, 4125)
(8330, 9889)
(2871, 3073)
(896, 3715)
(1688,)
(655,)
(4220, 5714)
(6819, 8492)
(4090, 4316)
(7772, 9150)
(8897, 9745)
(2683, 7114)
(1262, 8398)
(1854, 7752)
(2873, 4366)
(5974,)
(6901, 8375)
(929, 3534)
(3647, 10093)
(4451, 9990)
(5104, 7992)
(4997, 9605)
(1213, 9396)
(9274,)
(814, 8298)
(8034, 10036)
(77, 1144)
(8878, 9778)
(3985, 5954)
(7294,)
(1099, 5032)
(6651, 8459)
(6285, 6999)
(321, 8331)
(8336, 9833)
(6483, 9415)
(8319, 8922)
(62, 7253)
(84, 3808)
(215, 1019)
(5699, 8112)
(1207, 4530)
(4411,)
(6835, 9693)
(2609, 8096)
(1211, 9024)
(2543, 9967)
(658, 8558)
(7419, 9416)
(7084, 8230)
(8850,)
(21, 6371)
(3484, 9690)
(3662, 3812)
(5649,)
(5856, 8822)
(3668, 8628)
(1725,)
(676,)
(6488, 9245)
(6167, 9687)
(9196,)
(4953, 7044)
(6444, 9881)
(4946,)
(9061, 9187)
(5668, 9044)
(7411, 8157)
(5036,)
(1346, 1871)
(4577, 8025)
(735, 5355)
(3821, 6375)
(2374, 3085)
(124, 9337)
(6906, 8982)
(5432, 9274)
(4112, 9967)
(8507, 9301)
(603, 2636)
(4083, 9189)
(4102,)
(665, 4798)
(90, 756)
(4000, 4208)
(4802, 7832)
(1463, 7800)
(4825, 5766)
(8707, 8952)
(3796, 6809)
(7736, 9486)
(200, 9036)
(8026, 9877)
(52, 2934)
(266, 3729)
(4097, 9959)
(960, 2422)
(9846,)
(7497, 9481)
(4860, 7621)
(1162, 5544)
(4290, 9926)
(4407, 9796)
(1656,)
(2773, 4119)
(1431, 8910)
(3156, 8983)
(3491, 7296)
(638, 8190)
(8578, 8677)
(4360, 9145)
(2589, 4743)
(2439, 4273)
(686, 9831)
(710, 1310)
(5743, 9670)
(2417, 2839)
(5662, 8760)
(304, 8236)
(4328, 7406)
(5370, 9120)
(7257, 8674)
(5413, 10016)
(6482, 7231)
(7352, 9921)
(4575, 8711)
(102, 6819)
(297, 7888)
(6343, 7525)
(384, 6092)
(2471, 3414)
(1880, 8850)
(6285, 6310)
(3156,)
(1021, 6536)
(6062, 7047)
(6038, 8869)
(4107, 5440)
(4421, 6196)
(2554, 5331)
(1092, 2875)
(336, 1852)
(1307, 8008)
(9406, 9798)
(7236, 8710)
(4982, 9539)
(7828, 8855)
(711, 9279)
(9496,)
(1431,)
(3990, 9223)
(165, 842)
(2123, 7348)
(4795, 7624)
(1332, 4341)
(2327, 6580)
(2657, 9786)
(2939, 9209)
(8279, 10093)
(5082, 7223)
(247, 8263)
(702, 7755)
(6802, 8648)
(1177, 8984)
(586, 6668)
(4668, 6178)
(3691,)
(8764, 9103)
(3232, 7223)
(8316, 9426)
(5768, 8683)
(323, 4346)
(519, 6185)
(4309, 7993)
(8762, 9942)
(9461, 9735)
(5570, 9118)
(2168, 3955)
(3489, 5635)
(4447, 4849, 8179)
(298, 5687)
(2770, 7560)
(807, 8986)
(983, 5533)
(7003, 9278)
(542, 7048)
(4807, 8645)
(2901, 6321)
(1340, 7001)
(3296, 6670)
(1069, 9959)
(2464, 5491)
(9443,)
(697, 7188)
(1637, 8225)
(8177, 9742)
(835, 9913)
(2437, 7643)
(2429, 5832)
(7207,)
(2638, 3138)
(1114, 1836)
(3088, 6178)
(1269, 4873)
(4731, 8421)
(5745, 8949)
(1435, 3210)
(8285, 9243)
(7122, 7618)
(3536, 9953)
(1010, 7574)
(6375, 7473)
(4091, 10007)
(408, 9362)
(3698, 6587)
(845, 7165)
(486, 7482)
(1433,)
(1531, 8407)
(4415, 10021)
(7893, 8676)
(5347, 8900)
(512, 8518)
(23, 765)
(6255, 9174)
(5559, 9834)
(8529, 8811)
(910, 6682)
(5696, 9432)
(2542, 4358)
(5546, 8463)
(8447, 8451)
(6210, 8537)
(1847, 3370)
(6039, 9748)
(2843,)
(8494, 9156)
(3742, 10047)
(1576, 2032)
(9288, 9289)
(1403, 2888)
(7928, 8224)
(3084, 9660)
(4655, 7330)
(7517, 9455)
(76, 4208)
(9118, 9284)
(5819, 7202)
(4669, 8773)
(8696, 9392)
(816, 9879)
(46, 9757)
(4850, 9229)
(3998, 7234)
(2676, 7083)
(1806, 9292)
(7741, 8138)
(5584, 9021)
(5224, 9034)
(1034,)
(1952, 8896)
(65, 5577)
(8133, 10007)
(2255,)
(1904, 7037)
(6266, 7271)
(6471, 9641)
(1987, 9228)
(3249, 8963)
(1125, 5895)
(5041, 6774)
(3929, 9169)
(7068, 8996)
(8262, 9665, 9769)
(7833, 9827)
(7829, 7940)
(895, 8748)
(1049, 6864)
(1090, 5724)
(7529, 7865)
(2472, 7478)
(8710,)
(1372, 2650)
(1865, 8343)
(4446, 9269)
(3784, 8311)
(2039, 9036)
(6654, 9810)
(326, 5591)
(7974, 9307)
(6281, 6534)
(8358, 8964)
(2521, 5266)
(4200, 6074)
(32, 9786)
(8487, 9554)
(5855,)
(9987, 10090)
(2016, 6925)
(2056, 2109)
(1860, 6049)
(9130,)
(6874, 9636)
(276, 6415)
(6568, 6806)
(7429, 9959)
(3800, 8695)
(2118, 4876)
(4294, 8709)
(5738, 6082)
(906, 8682)
(3963, 5871)
(2954,)
(3202, 6998)
(81, 4306)
(6681, 8329)
(6405, 9443)
(7579, 7918)
(3284, 3503)
(9591,)
(8566, 9774)
(7165, 7921)
(1227, 8035)
(3497, 9958)
(1861, 8202)
(1401,)
(2366,)
(5252, 9858, 9977)
(1841, 5645)
(307, 362)
(3295, 5722)
(7201, 9213)
(3253, 4213)
(2751, 3956)
(7965, 9514, 9871)
(3088, 5270)
(285, 2330)
(395, 8807)
(3489,)
(8025, 10042)
(9780,)
(6218, 7524)
(1461, 3654)
(1948, 3114)
(6182, 8511)
(528, 9826)
(3736, 9433)
(557,)
(8184, 9741)
(2979, 4729)
(4748, 8246)
(1711, 9510, 9764)
(6576, 8309)
(67, 5869)
(2325, 4990)
(9230, 9345)
(666, 7486)
(1496, 4790)
(8231, 8595)
(5451, 5689)
(6222, 8765)
(4003, 6749)
(2418, 7305)
(5966,)
(6943, 8307)
(4211, 6161)
(5969, 9855)
(3807, 9208)
(1776, 3859)
(4024,)
(4737, 10069)
(8652, 9457)
(9266,)
(8217,)
(1857, 4209)
(9093, 9713)
(1168, 9675)
(755, 7071)
(6599, 10002)
(6732, 9925)
(2386, 6896)
(8044, 9759)
(1339, 2961)
(5764, 8128)
(3037, 9649)
(2682, 5691)
(6170, 6249)
(1162, 6354)
(164, 8450)
(4295, 9967)
(5136, 10071)
(757, 7526)
(508, 2159)
(133,)
(9524, 9583)
(7737, 8471)
(7940, 9116)
(2036, 8777)
(9702,)
(2518, 4348)
(527, 3794)
(2866, 8749)
(479,)
(3411, 8793)
(5105, 7821)
(499, 8511)
(24, 1295)
(7730, 8640)
(3459, 4232)
(637, 8167)
(9166, 9810)
(3243, 9358)
(4117, 7692)
(1128, 8816)
(1943, 4818)
(6235, 9037)
(4710, 9388)
(626, 1527)
(4613, 6469)
(1302, 6703)
(5641,)
(2206, 6233)
(1416, 8018)
(389, 7625)
(9188,)
(1946, 2462)
(127, 8252)
(408, 9362, 9825)
(9010, 9390)
(2865, 8245)
(9303,)
(2599, 8781)
(7636, 9330)
(6151, 10019)
(9515, 9521)
(6407, 10014)
(369, 1201)
(2551, 9758)
(4837, 8784)
(9377,)
(1136, 6773)
(2463, 4951)
(666, 1350)
(2012, 2129)
(394, 3000)
(1938, 3379)
(264, 9741)
(890, 7504)
(9723,)
(4962, 9362)
(5449, 9382)
(32, 7027)
(258, 9117)
(128, 3125)
(4424,)
(3832, 6180)
(7634, 9160)
(9733, 9820)
(2980, 4616)
(2275, 9879)
(5889, 8519)
(4909, 8994)
(4441, 6594)
(8464, 9048)
(265, 5658)
(613, 8353)
(3451, 8746)
(3980, 8880)
(9912,)
(2265, 9016)
(8879,)
(5290, 10012)
(4318, 5794)
(7332, 8940)
(1945, 6778)
(4806, 8962)
(4861, 9965)
(7403, 9990)
(6458, 9149)
(7715, 9282)
(1565, 8126)
(697, 9868)
(9324,)
(8648, 9485)
(1713, 4532)
(1019, 7944)
(493, 9179)
(5647, 8673)
(4310, 4873)
(9435, 9920)
(502, 8471)
(4707, 9586)
(6378, 7518)
(3258, 7666)
(6063, 9760)
(2581, 4102)
(3986, 4632)
(2680, 7979)
(4899, 5963)
(2724,)
(10039,)
(9929, 9937)
(201, 1479)
(4211, 6083)
(847, 7551)
(1873, 7623)
(494, 4816)
(2251, 7126)
(7651, 8713)
(6712, 9993)
(4730, 9720)
(9402, 10089)
(3281, 8994)
(925, 5153)
(1273, 9459)
(2927, 9458)
(8386,)
(7543, 9624)
(2815, 8041)
(163, 2720)
(3002, 6528)
(2148, 3293)
(3409, 9966)
(639, 1911)
(2890, 8311)
(128, 486)
(2750, 9525)
(2929, 8329)
(596, 8332)
(6570,)
(3704,)
(1932, 9530)
(5353, 8635)
(2181, 9895)
(1458, 6080)
(4324, 8956)
(8927, 9772)
(3254, 3964)
(3914, 9197)
(2078, 8299)
(1867, 6602)
(5810, 8228)
(8423,)
(2359, 5566)
(4768, 5865)
(3280,)
(9546,)
(6470, 8902)
(1282, 4743)
(1728, 7662)
(1400, 6384)
(1756, 4536)
(649, 6598)
(913, 3105)
(266, 2766)
(1882, 8050)
(4871, 6978)
(96, 5318)
(2944, 7863)
(3362, 9997)
(1561,)
(2416,)
(2048, 9243)
(8034, 10076)
(1091, 8328)
(8787, 9260)
(49, 7225)
(6781, 9846)
(5272, 6891)
(5133, 9666)
(9475,)
(1294, 8812)
(3308, 4428)
(4580, 8423)
(7417, 7605)
(3985,)
(8277, 9518)
(3063, 8032)
(2058, 9109)
(3002, 4260)
(153, 278)
(3784, 7203)
(7946, 9912)
(7165, 10024)
(676, 5307)
(2432,)
(368, 4947)
(9287, 9474)
(747, 7746)
(3055, 3617)
(1739, 4355)
(4531, 9607)
(1672,)
(1093, 9574)
(8330, 9674)
(9392,)
(1266, 9822)
(2001, 9473)
(619, 2419)
(1666, 8552)
(6213, 8682)
(2407, 8242)
(6075, 8387)
(9348,)
(8223, 9295)
(907, 1304)
(481, 5490)
(9694,)
(2260, 5507)
(3203, 5354)
(49, 6741)
(7812, 8843)
(6523, 9981)
(2077, 10003)
(59, 9968)
(1619,)
(1024, 1119)
(9523, 9878)
(6766, 8725)
(8912, 10072)
(9231, 9785)
(28, 5411)
(137, 7221)
(9295,)
(4118, 7456)
(9262, 9573)
(507, 7655)
(56,)
(1745, 9903)
(26, 6719)
(1943, 9525)
(539, 5182)
(289, 7434)
(1532, 8117)
(428, 5654)
(9658, 9919)
(1116, 2548)
(1195,)
(9362, 9825)
(933, 4547)
(9715,)
(4416,)
(8781,)
(405, 5559)
(8912, 9051)
(9653, 10068)
(9541, 9717)
(1081, 3698)
(9904,)
(8871,)
(10010,)
(9994,)
(9201,)
(6395, 8939)
(7963, 9776)
(8014,)
(771,)
(6844, 8224)
(5649, 8329)
(527, 8994)
(348, 1110)
(1142,)
(8247, 9757)
(87, 9268)
(931, 2402)
(7025, 8865)
(8434, 9705)
(8201, 8946)
(2365, 7306)
(3910, 8252)
(7649, 9348)
(3585, 9868)
(1307, 1720)
(810, 7653)
(2234, 9068)
(1833, 7463)
(4809, 8853)
(1947, 4002)
(1632, 5155)
(231, 3247)
(67, 406)
(7057, 7408)
(10031,)
(1219, 8566)
(5512, 9099)
(941, 4337)
(5761, 8315)
(8493, 9502)
(676, 2107)
(1079, 4617)
(1536, 8000)
(4995, 9507)
(5183, 9433)
(6963, 8742)
(2856, 10081)
(3803, 8099)
(7565, 9268)
(3028, 9581)
(698, 6656)
(8211, 8924)
(6344, 8322)
(8543, 9929)
(8824, 9910)
(1315, 8534)
(7611,)
(1140, 8758)
(4735, 8006)
(6677,)
(263, 10051)
(739,)
(1673, 8755)
(7710, 9499)
(1325, 6756)
(5667, 8264)
(5906, 7369)
(3286, 7757)
(4529, 8895)
(5555, 6128)
(7399, 8296)
(2177, 2436)
(6486, 7817)
(254, 7349)
(5917, 7200)
(6699, 8448)
(1952,)
(792, 3123)
(3042, 3653)
(4915, 8442)
(2376, 6980)
(1556, 2869)
(420, 3899)
(9516, 9907)
(2313,)
(4630, 10046)
(1328, 9485)
(8734, 9937)
(5616, 9740)
(5980, 9750)
(9978, 10034)
(992, 3514)
(1860, 6145)
(2684,)
(9743,)
(3547, 3676)
(4326, 5050)
(3038, 9784)
(5632, 8310)
(2732, 4026)
(2880, 9161)
(1796, 5704)
(689, 4598)
(8963, 9539)
(9261, 9547)
(58, 3259)
(8097, 9200)
(3171, 8594)
(3857, 8756)
(314, 3615)
(5692, 9518)
(657, 3547)
(1555, 3646)
(2900, 9108)
(1009, 10066)
(9111, 9802)
(9072, 9309)
(8772, 10006)
(855, 5022)
(1824, 3797)
(6918, 9002)
(9649,)
(598, 8788)
(4528, 8085)
(631, 6865)
(1293, 2873)
(4283, 8173)
(9764,)
(2364, 5397)
(740, 1145, 2553)
(5158, 7414)
(1193, 6823)
(9417, 9910)
(7125, 9685)
(147, 8602)
(9061,)
(4562, 6677)
(1, 10017)
(3169, 4094)
(4811,)
(194, 8175)
(705, 8896)
(5279, 6694)
(2783, 8903)
(3609, 6867)
(726, 1676)
(5551, 5579)
(7305, 8382)
(385, 3074)
(3023, 9734)
(165, 335)
(961,)
(4223,)
(1254, 6102)
(1076,)
(3433, 4842)
(27,)
(9316, 9749)
(1177, 2863)
(7879, 9640)
(386, 1995)
(2337, 6964)
(5346,)
(1598, 5136)
(112, 6417)
(92, 1242)
(8124, 9546)
(0, 4213)
(7525, 8987)
(2461,)
(2558, 9953)
(79, 8268)
(8284, 8866)
(5249, 7683)
(4473, 9878)
(9172,)
(7726, 9404)
(3490, 5183)
(8104, 9162)
(532, 4134)
(313, 4328)
(7311, 9202)
(676, 738, 2107)
(4826, 9426)
(6702, 9553)
(7257, 9906)
(222, 4072)
(3089, 9012)
(8238,)
(2701, 8759)
(8418, 10083)
(6260, 9556)
(3284, 5771)
(1379, 9655)
(1097,)
(2062,)
(2877, 4786)
(1481, 1868)
(602, 9279)
(1187,)
(8202, 9690)
(3726, 8009)
(4744, 5869)
(6881, 9327)
(2438, 4736, 9131)
(3117, 6595)
(5097, 7617)
(8869, 9008)
(3189, 3496, 3599)
(6591, 9396)
(1128, 5664)
(773, 7196)
(637, 9115)
(757, 5872)
(3398, 6123)
(6777,)
(5299, 6798)
(7432, 8373)
(2689, 6437)
(9101, 9530)
(247, 7041)
(8327, 9561)
(9193,)
(125, 10040)
(5099, 5973)
(572, 6766)
(853, 7226)
(8588, 10008)
(241, 7144)
(7104, 7950)
(4185, 9592)
(587, 1690)
(2785, 5055)
(9130, 9887)
(4935, 6645)
(4394, 9063)
(500, 7626)
(5739, 9676)
(940, 2165)
(8804, 9670)
(3450, 4320)
(4329, 5577)
(5064, 9533)
(142, 5886)
(443, 7012)
(6785, 8532)
(1132, 10011)
(8046, 9604)
(253, 8219)
(1924, 7081)
(6144, 9174)
(4426, 9795)
(3689, 9901)
(5148,)
(1962, 7805)
(1208,)
(6270, 9986)
(3283, 9186)
(4564, 5239)
(2013, 3702)
(8724, 9268)
(2416, 5212)
(1371, 3499)
(9526, 10081)
(6930, 9453)
(399, 6219)
(3703, 9294)
(4841, 9695)
(5932, 7095)
(6684, 9308)
(5112, 8555)
(6893, 8618)
(5557, 8915)
(2618,)
(1744, 9270)
(5094, 8952)
(3270, 5426)
(8921, 9940)
(5365, 8655)
(9159, 9839)
(5602, 9900)
(730, 1549)
(7534, 9951)
(8974,)
(2078, 4104)
(1825, 4161)
(4428, 6916)
(4167, 6985)
(2428, 10088)
(7534, 9202)
(1691, 8874)
(7137, 9400)
(4721, 10035)
(7530,)
(4936, 5297)
(2360, 4361)
(411, 3096)
(7836, 9876)
(4320, 8839)
(898,)
(340, 1527)
(3287, 10041)
(2418, 2532, 3472)
(2253, 5964)
(4631, 5245)
(2015, 9492)
(738, 2107)
(8831,)
(792, 9463)
(9014, 9161)
(8557, 8862)
(2983, 9973)
(8542, 9515)
(1886, 2428)
(2916, 6057)
(3489, 3855)
(8313, 9775)
(1363, 9798)
(7021, 9577)
(7611, 9187)
(6810, 8715)
(2977, 9953)
(1412, 9331)
(3595, 8440)
(1440, 3779)
(1094, 1291)
(6512, 9186)
(205, 6041)
(9436, 9879)
(8138,)
(7201, 8308)
(7476, 9232)
(354, 7489)
(3441, 8726)
(8142, 8791)
(1042, 1113, 4820)
(6174, 9388)
(6499, 8843)
(6644, 9632)
(5508, 8127, 9102)
(5630, 9476)
(2147, 5412)
(1167, 2979)
(2491, 4325)
(845, 6570)
(7415, 8200)
(4280, 9422)
(7303, 7422)
(1446,)
(2676,)
(6256, 8587)
(9735,)
(1586, 7529)
(7609, 10051)
(1218, 4031)
(1711, 9764)
(400, 3590)
(3498, 9024)
(42, 1425)
(3045, 6795)
(936, 2257)
(133, 6632)
(6671, 8525)
(1590, 9029)
(8646, 10060)
(660, 4027)
(4575, 10030)
(1891,)
(4207, 6981)
(3005, 7612)
(8406, 8521, 9714)
(3378, 9939)
(9330, 9841)
(2769, 6501)
(1555, 5456)
(6316, 9470)
(1297, 2954)
(1682, 6162)
(88, 4996)
(3454, 8858)
(6792, 9793)
(1498, 7787)
(5845, 8775)
(7919, 9043)
(862, 2842)
(531, 6979)
(2682, 7749)
(8832, 9360)
(6767, 9249)
(9358, 9935)
(5631, 8331)
(1775, 6672)
(8137, 9037)
(1808, 5552)
(6507, 9192)
(9211, 10061)
(1582,)
(1941, 8994)
(657,)
(6801,)
(2879, 4082)
(7266, 8216)
(576, 8227)
(8017, 8235)
(1539, 9228)
(5921, 7633)
(1290, 2457)
(1743, 6369)
(1236, 8412)
(4000,)
(6505, 10078)
(6661, 7831)
(9242,)
(8600, 9424)
(7962, 9893)
(4417, 9989)
(4729, 6993)
(1707, 2784)
(7830, 8383)
(673, 6179)
(251, 2772)
(5253, 9542)
(710, 7743)
(2206, 8435)
(925, 3450)
(2970, 8435)
(7960, 8670)
(9606, 9780)
(2971, 3597)
(2233, 2889)
(3132, 7223)
(8150, 8883)
(7280, 8446)
(3185, 6643)
(8349, 10077)
(2312, 7899)
(2536, 2842)
(1183, 9946)
(2527, 9816)
(271, 672)
(9867,)
(8034, 9683)
(170, 230)
(5494, 9441)
(2974, 9996)
(1948, 9506)
(1511, 9159)
(1245, 9512)
(7964, 8868)
(2380, 9880)
(60, 1703)
(1182, 3904)
(6274, 7575)
(4077, 10091)
(2082, 4739)
(1367, 8710)
(1548,)
(8560,)
(9609, 10009)
(5930, 7317)
(102, 1858)
(783, 2178)
(1936, 8213)
(9699,)
(3501, 8404)
(8529, 8616)
(2877, 4210)
(771, 2089)
(4133, 8069)
(2768, 6362)
(476,)
(3587, 7881)
(1525, 4370)
(918, 5703, 8421)
(5350, 8135)
(6769,)
(3881, 8102)
(3679, 9771)
(2981, 3162)
(9888,)
(1307, 3710)
(5701, 9842)
(6852, 9068)
(7693, 8682)
(3721, 3975)
(4255, 9005)
(6225, 8797)
(3597, 5636)
(5556, 5714)
(2450, 9184)
(7321, 8355)
(6496, 7906)
(880, 8553)
(8033, 8272)
(1804,)
(180, 6811)
(2703, 4089)
(1464, 9434)
(1612, 7019)
(480, 7308)
(1248, 8703)
(3553, 4735)
(293, 3965)
(5661, 7600)
(1544, 9776)
(4561, 8244)
(2937, 3463)
(3208, 9570)
(1027, 9073)
(4619, 8883)
(4016, 6289)
(2886, 9244)
(167,)
(611, 4067)
(6998, 8856)
(4639, 8064)
(5011, 6390)
(8151, 9622)
(9103, 9695)
(5392, 9531)
(8786,)
(5628, 9927)
(6678, 9747)
(6688, 6769)
(7315, 10009)
(871, 7967)
(3221, 6689)
(7414, 8378)
(612,)
(2960, 7981)
(1568, 9558)
(7619, 8491)
(7918, 8379)
(24, 6410)
(6033, 8316)
(2157, 4975)
(5864, 9443)
(9498, 9750)
(4561, 8542)
(10015,)
(5087, 5869)
(5764, 6069)
(594, 8425)
(2891, 2960)
(9578, 10078)
(794, 5079)
(5512, 9591)
(2709, 8418)
(2171, 8402)
(7517, 9523)
(6629, 8257)
(1005, 3735)
(2672, 8906)
(3145,)
(6131, 8665)
(2641, 8212)
(3413, 5451)
(664, 8435)
(9411,)
(3602, 9088)
(3609, 7987)
(1737, 6977)
(2287, 4632)
(3617, 9112)
(832, 8204)
(7927, 10035)
(7369, 9301)
(1327,)
(3079, 9075)
(8402, 9703)
(507, 3050)
(7719, 7740)
(2625, 9925)
(7406, 8865)
(1736, 3213)
(2647,)
(8655, 8991)
(9946,)
(1174, 4568)
(5725, 5971)
(758, 3188)
(3020, 8882)
(1089, 9971)
(119, 5850)
(6387, 9266)
(5840, 6078)
(7774, 9970)
(552, 5792)
(4887, 8341)
(1410, 7938)
(5159, 9411)
(6822, 8885)
(5253, 8185)
(3831, 8982)
(588, 6777)
(7292, 9125)
(1618, 8430)
(1403, 4244)
(4994, 9802)
(7046, 9271)
(5512, 9591, 9634)
(1447, 4652)
(2579, 7034)
(535, 5721)
(8794, 9552)
(3346,)
(9787, 9938)
(8959,)
(5372, 8669)
(9029, 9344)
(285, 6456)
(7616, 8758)
(6091, 10015)
(1974, 9100)
(4913, 9285)
(595, 783, 7916)
(6166, 7537)
(744,)
(2653, 9895)
(6182, 8898)
(1036, 7277)
(568, 846)
(623, 8957)
(1755, 8956)
(7386, 7937)
(3881,)
(2026, 6869)
(6657, 9584)
(9045, 9514)
(501, 3591)
(5244, 8345)
(2047, 7558)
(2376, 4632)
(801, 8571)
(1592, 6221)
(2427, 10057)
(3599, 4815)
(6596, 9799)
(638, 7098)
(2105, 4888)
(3296, 6978)
(1973,)
(833, 7155)
(4206, 9280)
(6997, 7372)
(851, 6451)
(2515, 7909)
(6168,)
(3293,)
(3021, 9808)
(2461, 8429)
(382, 9819)
(9559,)
(5758, 9206)
(878, 9379)
(1520, 8591)
(5742, 9490)
(262, 8505)
(320,)
(1053, 2761)
(703, 8932)
(810, 3741, 8438)
(700, 9437)
(263, 4475)
(320, 5314)
(2328, 2729)
(918, 1908)
(497, 5515)
(5588, 6874)
(2809, 9760)
(8348, 8454)
(8955,)
(21, 2556)
(2147, 7470)
(1904, 4453)
(3258, 8087)
(1741, 5488)
(3247, 6404)
(8122, 9768)
(1765, 5761)
(1904,)
(6561, 7701)
(5559, 7507)
(3809, 3861)
(1962, 6412)
(8345, 9056)
(4649, 8217)
(928, 6327)
(922, 6776)
(8428, 8763)
(2960, 8188)
(6272, 9542)
(1037, 6277)
(5240,)
(11,)
(6805, 7008)
(8620, 9598)
(1446, 9199)
(5863, 9403)
(5963, 6073)
(1188, 5663)
(810, 8438)
(191, 2724)
(357,)
(4499, 8688)
(2208, 5355)
(646, 1313)
(5679, 8993)
(469, 1502)
(5715, 8568)
(1480,)
(5765, 9401)
(5326, 8228)
(167, 6898)
(1353, 7895)
(3455, 8338)
(2800,)
(5970, 9585)
(6953, 8103)
(6349, 8977)
(4756, 7625)
(220, 324)
(1223, 8690)
(4827, 5239)
(6971, 9516)
(7501, 9605)
(6008, 7294)
(5955,)
(3727, 3815)
(4224, 8739)
(3588, 7422)
(9271,)
(3071, 5960)
(4126, 9360)
(7094, 7818)
(4219, 5664)
(1754, 9402)
(8348, 8374)
(2833, 8248)
(6279, 9841)
(3178, 9747)
(3836, 9572)
(2601, 5144)
(4318,)
(7300, 9073)
(1240, 2522)
(3533, 4503)
(656, 4666)
(6559, 7393)
(6197, 8765)
(1022, 9534)
(2518, 2869)
(5267, 10064)
(5700, 8317)
(7570, 8974)
(8091, 8522)
(2445, 9565)
(980, 4365)
(7324, 9852)
(938, 7459)
(9303, 9908)
(1992, 6101)
(483, 4450)
(7976, 9086)
(3269, 8583)
(1256, 4530)
(471, 6257)
(3745, 9391)
(7797, 8741)
(7991, 9747)
(5776, 9104)
(4004, 8721)
(1039, 3783)
(8243,)
(7786, 8036)
(3244, 3799)
(7334, 7376)
(2368, 9329)
(9375, 10089)
(3216, 3708)
(4701, 9725)
(6622, 9096)
(4710, 9845)
(1869, 4416)
(774, 7719)
(8679,)
(2621, 9324)
(5640, 9201)
(5435, 8415)
(8132, 9791)
(4510, 7922)
(3217, 7631)
(489,)
(5398, 9979)
(1949, 2353)
(1540, 8315)
(8918, 9941)
(1864, 6489)
(8759, 9541)
(3651,)
(3218, 8934)
(1004, 7057)
(7006, 7117)
(1254, 7843)
(116, 9700)
(7064, 7732)
(1743,)
(2853, 2928)
(7085, 8661)
(1005, 5070)
(7598, 9180)
(6001, 9936)
(2466, 6000)
(6465, 9370)
(1817,)
(3907, 9634)
(6735, 9856)
(793, 9167)
(9313,)
(2435, 3287)
(5479, 9978)
(6983, 9997)
(3923, 6244)
(4679, 7515)
(2563, 2742)
(583, 4059)
(90,)
(4581, 9853)
(9403,)
(338, 4376)
(838, 1439)
(4104,)
(1857, 6543)
(4502, 6747)
(2343, 9148)
(5147, 5770)
(5165, 7869)
(2328, 8116)
(5919, 9431)
(88, 6380)
(270,)
(1038, 9084)
(8815,)
(3445, 6604)
(8123, 9882)
(4780, 8453)
(1672, 8093)
(1566, 9909)
(3242, 7725)
(9591, 9860)
(3477, 8897)
(1802, 5622)
(6503, 7637)
(8010, 8177)
(7196, 9429)
(5424, 9818)
(1828, 3279)
(3189, 3599)
(7702,)
(4430, 8324)
(5799, 8306)
(3202, 9913)
(1985, 8755)
(5252, 9977)
(10028,)
(258, 2630)
(5, 6843)
(2230, 3278)
(4005, 10044)
(2577, 9960)
(3149, 7958)
(7303, 8899)
(3306, 7818)
(1854,)
(247, 6046, 8263)
(1225, 2988)
(4287, 9270)
(5046, 5661)
(1248, 9334)
(7410, 7533)
(7519, 9946)
(196, 2922)
(584, 923)
(4970, 6595)
(3559, 9551)
(612, 8417)
(1247, 6337)
(4725, 9115)
(3381, 8741)
(3248,)
(9906, 10059)
(1547, 9058)
(7951, 9736)
(6605, 9110)
(4698, 8936)
(9453, 9757)
(7514, 9667)
(469, 1992)
(4608, 9308)
(7542, 9465)
(1140, 7279)
(2192, 9785)
(7858, 8238)
(1267,)
(7608,)
(1251, 7062)
(6652, 9130)
(8783, 9729)
(4482, 9310)
(2058, 3439)
(7593, 9278)
(4369, 6377)
(1841, 8535)
(7659, 10023)
(8804, 8943)
(6992, 9430)
(1616, 9620)
(6893, 7544)
(6387, 9484)
(7014, 8859)
(5126, 8998)
(9000,)
(2818, 5135)
(2778, 8944)
(7723, 8721)
(2980, 9175)
(4601, 9929)
(53, 5369)
(6280, 7403)
(2959, 7601)
(589, 4382)
(1426, 4812)
(2773, 3192, 4119)
(4266, 9060)
(1430, 2714)
(7509, 8639)
(7783, 9705)
(317, 1108)
(190, 377)
(5986, 9567)
(3040, 7465)
(5542, 7204)
(624, 7299)
(45, 1885)
(5072, 9706)
(349, 8247)
(7708, 8489)
(478, 4938)
(7046, 8537)
(913, 9558)
(4043, 6181)
(7787, 9295)
(7299,)
(6403, 10011)
(4792, 9243)
(5827, 9237)
(9014, 10008)
(672, 2877)
(4251, 8967, 9074)
(7645,)
(5914, 6371)
(1428, 5024)
(8947,)
(7747, 8559)
(6739, 9453)
(754, 8301)
(2995, 9871)
(517,)
(5411, 7881)
(2771,)
(10086,)
(9037,)
(4986, 9032)
(2537, 8456)
(1836, 3280)
(1171, 4967)
(4420, 8751)
(1230, 9659)
(9076, 9091)
(1466, 4352)
(195, 3523)
(3190, 7150)
(3984,)
(3420, 9641)
(773, 5934)
(9226,)
(594, 2343, 9148)
(1855, 4364)
(1030, 8775)
(9614, 9707)
(662, 9280)
(2265, 5664, 6411)
(3009, 7610)
(5185, 6279)
(4190, 9224)
(775, 8702)
(4264, 5871)
(7136, 7514)
(1265, 9066)
(8662, 8849)
(7415, 8079)
(1883, 5345)
(5423, 9067)
(3351, 8976)
(9751, 9997)
(9029, 9037)
(1980, 9110)
(7520, 8971)
(1472,)
(2366, 8835)
(6684, 10040)
(2993, 3648)
(733, 7455)
(40, 3255)
(4734,)
(6536, 8643)
(133, 7577)
(3508, 9712)
(3758, 7623)
(2316, 7109)
(2873, 7295)
(3931,)
(732, 1008)
(2716, 10073)
(5953, 9421)
(1740, 2227)
(520, 1345)
(5947,)
(1852, 3041)
(1244, 8423)
(145, 3087)
(9263,)
(1603, 6204, 7301)
(6048, 6795)
(479, 887, 3717)
(8965, 9989)
(7687, 8141)
(56, 7375)
(9593,)
(7629, 9157)
(1706, 8918)
(2620, 9241)
(5861, 9310)
(3894, 6173)
(8037, 10075)
(1660, 9357)
(102, 8591)
(2458,)
(934, 9896)
(4379, 7318)
(3492, 4865)
(8610, 9517)
(1426, 5522)
(848, 6169)
(9778, 9843)
(5828, 8875)
(4842, 7826)
(5937, 9463)
(8839,)
(97, 1730)
(4623, 4933)
(20, 8922)
(3392, 9761)
(2280, 8629)
(6002, 8664)
(9181, 10073)
(5039, 5484)
(6223, 9170)
(4576, 9705)
(2546, 9166)
(9284,)
(4215, 4271)
(1170, 5949)
(1110,)
(225, 6172)
(2927, 8755)
(1278, 7040)
(6546, 10044)
(2482, 4492)
(8458, 9138)
(1432, 8364)
(7965, 9871)
(2684, 6367)
(510, 7904)
(2081, 9323)
(7594, 9156)
(973, 9486)
(2160, 3688)
(5826, 8331)
(2796, 4429)
(261, 6106)
(1480, 7791)
(232, 5177)
(642, 3602)
(9277, 9581)
(922, 1841)
(2570, 5763)
(1306, 9607)
(59, 7700)
(465, 4832)
(598, 4848)
(182, 9087)
(4830, 8186)
(161, 2573)
(5544,)
(1705, 9513)
(9123, 9422)
(6831, 9292)
(2221, 7195)
(1836, 7154)
(4151, 5036)
(9909,)
(8860,)
(3711, 9604)
(509, 7833)
(516, 4936)
(4941, 6053)
(1353, 5197)
(2307, 9826)
(1020, 4973)
(4221, 8964)
(2940,)
(5891, 9503)
(1457, 6956)
(2830, 8677)
(3162, 5368)
(3023, 9581)
(1260, 6281)
(6711, 9756)
(8092, 9283)
(573, 6604)
(2455, 5179)
(9305,)
(4223, 6680)
(2560, 3179)
(3120, 9289)
(8093,)
(1044, 6861)
(2080,)
(9395,)
(290, 1731)
(938, 8583)
(7523, 8613)
(6120, 8333)
(7415,)
(821, 10054)
(1669, 8700)
(1952, 6260)
(4539, 8957)
(1181, 9300)
(4544, 9800)
(2389, 9499)
(345, 8134)
(262,)
(3841, 4835)
(3373, 9594)
(6202, 9762)
(4532,)
(2375, 6485)
(5634, 9852)
(1022, 9205)
(8910, 8985)
(3444, 9624)
(5243, 8296)
(7206, 9050)
(7005, 8198)
(227, 1594)
(7823, 9493)
(7739, 9084)
(615, 9701)
(4454, 8656)
(915, 7943)
(2469, 3065)
(4628, 8003)
(848, 7912)
(911, 7612)
(5598, 8850)
(1619, 2595)
(559, 716)
(1022, 6850)
(4475, 7723)
(3489, 5536)
(5941, 8926)
(4431, 5706)
(3394, 4123)
(2513, 9917)
(565, 9028)
(7806, 10087)
(2789, 6208)
(7180,)
(2132, 3909)
(6597, 9352)
(1345, 7267)
(449, 8278)
(1872, 9610)
(193,)
(606, 5552)
(1231, 3191)
(6954, 9721)
(1329, 5858)
(5866, 7319)
(4870, 8749)
(5955, 6887)
(2125, 9237)
(283,)
(4258, 6697)
(8787, 9753)
(8080, 9305)
(519, 7303)
(9372, 9876)
(2480, 5169)
(1947, 9079)
(3701,)
(8793, 9650)
(9967,)
(4879, 9620)
(868, 6215)
(7425, 7756)
(1378, 8648)
(4614, 9051)
(631, 4605)
(198, 6073)
(5077, 9039)
(3953, 8221)
(3947, 9645)
(6600, 9678)
(9088, 9972)
(169, 2838)
(853, 1648)
(593, 5115)
(7627, 8244)
(3491, 8314)
(8028, 8501)
(6338, 9085)
(7435, 10070)
(9306, 10079)
(2835, 10051)
(9129, 9426)
(8790, 9658)
(3899, 8126)
(266, 733)
(332, 1850)
(2388, 8159)
(8801, 10076)
(2207, 8348)
(2931, 3059)
(6724, 9918)
(384, 5230)
(490, 6273)
(6946, 7522)
(3079, 4216)
(5140, 7400)
(9543,)
(5740, 7638)
(1065, 4658)
(6792, 9562)
(2697, 3471)
(1253, 8100)
(3602, 3780)
(1686, 7808)
(8907, 9585)
(1608, 5961)
(4590,)
(7637,)
(3167, 3396)
(2107, 5016)
(8939,)
(6236, 7814)
(8588, 9503)
(1446, 6939)
(242, 9706)
(4073, 9513)
(8271, 9505)
(9544, 9715)
(3214, 7509)
(6703,)
(7867, 8429)
(426, 3070)
(1735, 9946)
(4066, 10037)
(2167, 9342)
(3174, 7111)
(2629, 4013)
(8048, 8775)
(19, 6793)
(255, 1545)
(8567, 9157)
(2086, 9003)
(4401, 8659)
(390, 7095)
(1086, 4242)
(4638, 8187)
(637, 2481)
(4099, 7357)
(4438, 8334)
(1359, 4413)
(2334, 2757)
(6962, 9586)
(2464, 6267)
(3353, 9605)
(3822, 6339)
(7661, 9580)
(2529, 8438)
(2221, 6421)
(452, 9479)
(7074, 8756)
(2163, 8343)
(5683, 9803)
(572, 7224)
(1851, 8480)
(2229, 9077)
(3388,)
(4893, 8905)
(1239, 6697)
(3986, 8615)
(5440, 6374)
(197, 4047)
(1228, 5621)
(9204, 9683)
(247, 6046)
(8969, 9857)
(1899, 9861)
(8844, 9031)
(685, 6149)
(1775, 2424)
(1838, 9701)
(1758, 8066)
(940, 7759)
(6873, 9799)
(4141, 8679)
(7590, 8014)
(2360, 9854)
(5927, 10072)
(4851, 9819)
(9047, 9391)
(1460, 5730)
(784, 4791)
(9519, 9531)
(727, 7407)
(9050,)
(6343, 9403)
(206, 6584)
(1083, 9392)
(5559, 6564)
(975, 6072)
(7238, 7530)
(6632, 9530)
(7826, 9736)
(4302, 9587)
(1613, 2607)
(3249, 3448)
(1556, 6982)
(7595, 7822)
(151, 5972)
(4251, 9074)
(5310, 8673)
(2977, 9001)
(4735, 5376)
(3593, 7808)
(1098, 4662)
(7937,)
(227, 5980)
(3587, 9478)
(8775, 9011)
(2217, 6576)
(7100, 7769)
(1830, 8964)
(681, 7720)
(7593, 9892)
(8003, 8522)
(5030, 6895)
(2282, 9775)
(851, 9808)
(9585,)
(980, 1676)
(8904, 9179)
(1573, 6636)
(1577, 9079)
(1446, 4436)
(9675,)
(84, 1526)
(8656, 8814)
(6883, 9771)
(3499,)
(2365, 8528)
(8412, 9385)
(8741,)
(2121, 5355)
(1439, 2259)
(1936, 8105)
(4161, 6004)
(7689, 9071)
(1321, 3043)
(567,)
(2565,)
(3535, 8997)
(856, 5108)
(8717, 9240)
(9864,)
(2006, 7713)
(4228, 7814)
(5870, 7247)
(1326, 4014)
(1341, 2490)
(5110, 9504)
(1690,)
(1272, 5281)
(9161,)
(3887, 9785)
(2571, 6651)
(5088, 9369)
(2985,)
(1090, 4711)
(5052, 6692)
(2816, 7833)
(749, 9070)
(3487, 9804)
(9737, 9919)
(1601, 9716)
(2028, 9083)
(5979, 9578)
(1964, 5117)
(5366, 9244)
(2822, 7822)
(6554, 8975)
(53,)
(7522, 8261)
(297, 1187)
(9641, 9977)
(1543, 8205)
(5458, 6841)
(740, 2553)
(3446,)
(8953, 9616)
(3828, 8245)
(3993, 5133)
(3107, 9860)
(7999, 9375)
(3458, 9242)
(976, 2788)
(793, 4096)
(670, 10080)
(8320, 9510)
(2414, 9303)
(2586,)
(4230, 5042)
(4109, 9062)
(5456, 7707)
(4024, 5142)
(9901,)
(1142, 3131)
(1750, 6725)
(6547, 8642)
(8452, 9785)
(5881, 8826)
(1909, 3359)
(2063, 8484)
(7232, 8346)
(5432, 8439)
(2167, 6594)
(5885, 9847)
(122, 7910)
(1888, 5175)
(6842, 7829)
(2658, 3849)
(3031, 5680)
(6076, 7868)
(9387,)
(5509, 9320)
(4582, 8189)
(2361, 5161)
(5137,)
(1035, 5017)
(1086, 2069)
(2655, 9019)
(7141, 9248)
(2310, 3091)
(6401, 9549)
(470, 5638)
(830, 5119)
(6702, 9292, 9553)
(1408, 5527)
(493, 817)
(8341, 8352)
(444, 8503)
(5210, 5244)
(1931, 3291)
(4222, 9794)
(7973, 9196)
(271, 1962)
(8195, 9443)
(3911, 4536)
(2198, 3291)
(3595, 9132)
(1748,)
(4389, 9321)
(5142, 8260)
(595, 7916)
(3394, 6597)
(4335, 10039)
(4292, 4623)
(1352, 2067)
(7832, 9569)
(587, 2119)
(806, 5698)
(3959, 4324)
(789,)
(35, 5347)
(3426, 9312)
(7952, 9293)
(7216,)
(390, 3279)
(3065, 4550)
(4390, 9504)
(1213, 7505)
(9408,)
(3936, 8541)
(2348, 9484)
(91, 8719)
(6973, 6986)
(397, 1697, 8981)
(8267, 9932)
(6780, 9501)
(8803, 10067)
(392, 8828)
(585, 3465)
(5728, 9850)
(144, 2267)
(434, 3507)
(8512, 9449)
(775, 6541)
(3734, 9200)
(8820,)
(5753, 9051)
(3226, 9735)
(2475, 5298)
(4734, 7901)
(462, 3962)
(2994, 9672)
(5304, 9099)
(3670, 9580)
(6160, 8882)
(93, 4110)
(3904, 8839)
(2881, 6927)
(7505, 10039)
(6755, 8708)
(7816, 9837)
(1769,)
(2557, 2635)
(7181, 8305)
(10033,)
(1449, 2413)
(1382, 9064)
(8783, 9737)
(2989, 6903)
(2249, 9936)
(2524, 8660)
(1154, 8857)
(3812, 5226)
(717, 5495)
(9310,)
(8306,)
(3166, 9256)
(1087, 6425)
(8744, 9307)
(1191, 1370, 4442)
(3179,)
(2270, 7282)
(6482, 9547)
(9445,)
(3767, 7195)
(4967, 9082)
(7721, 9131)
(172, 4624)
(667, 3007)
(8633, 9257)
(3628, 9167)
(7588, 9504)
(9319, 9987)
(3599, 8604)
(8528, 9888)
(8730, 9444)
(7032, 9569)
(238, 1585)
(8483, 9228)
(9177, 9696)
(1141, 9968)
(3736, 9812)
(8291, 9163)
(2356, 8384, 8747)
(6813, 9908)
(7615, 9992)
(1216, 9554)
(74, 1522)
(30, 4565)
(1345,)
(8513, 9338)
(666, 3300)
(22, 6550)
(3309, 9572)
(4547, 8149)
(3699, 9132)
(3722, 9949)
(6708, 8356)
(239, 3254)
(1768, 7418)
(8609, 9087)
(1435,)
(1285, 9541)
(1737, 7976)
(4794, 8227)
(8869, 9838)
(7686, 9912)
(9980,)
(2124, 6535)
(5086, 9649)
(3376, 8440)
(472, 1510)
(7445, 8899)
(1975, 9754)
(6243, 8519)
(8312, 9413)
(620, 728)
(1637, 7897)
(6695,)
(2394, 9080)
(5340, 10085)
(4980, 7713)
(7585, 8701)
(5164, 9415)
(1823, 9033)
(8839, 9005)
(619, 6406)
(2845,)
(393, 6935)
(7341, 8232)
(2122, 2650)
(4629, 5967)
(4029, 4541)
(1006, 7457)
(1733, 7907)
(1646, 7917)
(6246, 7212)
(1793, 8214)
(4113, 4480)
(7479, 8569)
(1438, 5563)
(2797, 8091)
(395, 3534)
(268, 592)
(2685, 8306)
(4834, 9387)
(2944, 6637)
(1724, 8884)
(5086, 8338)
(699, 8221)
(1174, 6927)
(6601,)
(3581, 7002)
(1813, 6341)
(2611, 6012)
(2773, 3192)
(2122, 3101)
(5867, 8275)
(522,)
(3825,)
(3714, 9880)
(4457, 9235)
(4689, 9081)
(4902, 9633)
(1782, 9831)
(1243, 9705)
(2289, 9234)
(388, 4438)
(5986, 6173)
(8210, 8623)
(8153, 9723)
(5357, 6196)
(6800, 9910)
(1959, 7326)
(4574, 8582)
(1639, 8599)
(1017, 6132)
(2925, 4243)
(7304, 8464)
(8185,)
(3320, 8861)
(8974, 9326)
(8534, 9686)
(4211, 9355)
(392, 6745)
(3389, 7164)
(714, 10028)
(62, 8797)
(5434, 9054)
(4057, 6482)
(7424, 9874)
(5195, 9098)
(4531, 9085)
(7530, 8653)
(9577,)
(92, 2094)
(8406, 9714)
(195, 6364)
(2456, 8400)
(1571, 2574)
(2362, 3317)
(3456, 7147)
(1433, 4514)
(329, 2926)
(5586, 8548)
(8419, 8885)
(2432, 8740)
(7729, 8072)
(1398, 7197)
(3619, 5229)
(3491,)
(6889, 8201)
(481, 3126)
(2675, 6528)
(884, 7255)
(6749, 7849)
(425, 2267)
(9652, 10047)
(5477, 6394)
(9038, 9172)
(1119, 7401)
(9079,)
(150, 6633)
(1468, 7822)
(7009, 9311)
(5135, 8131)
(5578, 7526)
(1307, 2503)
(5679, 8924)
(5939, 8032)
(2156, 5447)
(3701, 8229)
(1288, 4746)
(4197, 9955)
(5416, 8754)
(6198, 7819)
(7826, 9761)
(1928, 8452)
(2423, 2771)
(1604, 7417)
(2467, 8934)
(8269, 9465)
(2089, 4363)
(6590, 9783)
(1105, 2380)
(6697, 8211)
(9052, 9066)
(9688,)
(954, 5181)
(1145, 7462)
(1388, 9865)
(4424, 9284)
(2481, 4693)
(9803,)
(4698, 9450)
(2076, 3601)
(9641, 9682)
(2564, 8878)
(9667, 9846)
(4686, 9849)
(2133, 9381)
(614, 6856)
(1896, 5869)
(59, 6019)
(1719,)
(8539, 10009)
(1672, 2230)
(4940,)
(1896, 7356)
(640, 9704)
(1780, 7516)
(93, 7281)
(9364, 9553)
(7677, 8320)
(4682, 9383)
(3256, 7626)
(2694, 3971)
(1019, 2114)
(1295,)
(5251, 8233)
(2438, 4736)
(5527, 9638)
(5228, 9770)
(33, 5067)
(4325, 9076)
(8467, 9906)
(8865,)
(5754, 8444)
(5148, 5680)
(5204, 9898)
(1157, 1820)
(7337, 9558)
(1623, 4187)
(1161, 5686)
(622, 9889)
(8486, 9598)
(536, 2833)
(1374, 9885)
(1348, 6287)
(6588, 7111)
(1425, 1625)
(9318, 9932)
(7420,)
(5179, 9528)
(5770, 9630)
(6708, 9219)
(1641, 8278)
(4262, 8438)
(8697,)
(6004, 6680)
(3675, 7254)
(9152, 9743)
(6581, 9052)
(6435, 7198)
(8941, 9127)
(7510,)
(4831, 9469)
(8021, 8029)
(777, 7834)
(746, 5350)
(4832, 7418)
(6076, 9120)
(8446, 8763)
(7744, 9082)
(7644, 9966)
(986, 2908)
(5460, 7922)
(7458, 9938)
(752, 8798)
(5354, 5975)
(7419, 7738)
(84, 1760)
(4085, 9838)
(7096, 9329)
(3171,)
(7007, 9834)
(3392, 9689)
(6392,)
(1263,)
(8395, 9037)
(4500, 8863)
(2749, 3130)
(6897,)
(1535, 6244)
(3949, 4531)
(632, 4918)
(2576, 9233)
(4426, 6420)
(832, 4796)
(1427,)
(2668, 7272)
(1049, 2874)
(3495, 8540)
(1835, 9014)
(3185, 3964)
(120, 931)
(3796,)
(1207, 1431)
(8215, 9550)
(1025, 9872)
(2065, 9570)
(1000, 6973)
(1481, 3144)
(7309, 7730)
(2087, 9267)
(7862, 10083)
(9458,)
(3078, 8893)
(1824, 9133)
(2442, 9367)
(1981, 9991)
(391, 9339)
(6173,)
(7180, 9119)
(1895, 2731)
(1633, 8107)
(1472, 3937)
(7425, 9235)
(3596, 5468)
(7809, 10041)
(1441, 3914)
(7131, 9468)
(912, 9846)
(9737,)
(4108, 5728)
(8456, 9814)
(178, 9511)
(131, 1953)
(5759,)
(2768,)
(6973, 8959)
(942, 9128)
(3172, 8280)
(9802, 9954)
(2358, 9895)
(759, 4299)
(6783, 8735)
(8342, 8364)
(7056, 8367)
(3774, 4435)
(4246, 9474)
(617, 7434)
(5043, 9823)
(7119, 9961)
(5174, 6688)
(510, 1158)
(9569,)
(7411, 9167)
(8265, 8861)
(174, 1961)
(131, 6705)
(2344,)
(3906, 5531)
(6575, 7222)
(517, 2596)
(879, 1916)
(6870, 9599)
(1150, 4045)
(477, 2163)
(9340, 9788)
(6831, 9292, 9553)
(1610, 4799)
(2645, 9191)
(1137, 6281)
(7015, 7313)
(3856, 9869)
(2050, 8068)
(1057, 9257)
(339, 3896)
(1841, 6203)
(4010, 8962)
(395, 7368)
(2066, 3805)
(7654, 9592)
(8211,)
(1322, 1892)
(4217,)
(2291,)
(9791,)
(4840, 6665)
(754, 9875)
(1863, 6317)
(1592, 5257)
(2911, 9551)
(8929, 9255)
(2564, 4858)
(3984, 7054)
(1391, 2156)
(2247, 9664)
(1957, 8538)
(8348, 9275)
(8562, 8931)
(132, 3897)
(2045, 9183)
(9103, 9638)
(740, 1145)
(4310,)
(8988, 9492)
(8138, 9409)
(1973, 9585)
(3369, 9942)
(3019, 3203)
(1848, 8667)
(2803, 3457)
(958, 9232)
(7158, 8142)
(1125, 5633)
(755, 1822)
(5053, 9197)
(6071,)
(8069,)
(3752, 5457)
(58,)
(445, 8835)
(6137, 7931)
(1799, 9153)
(26, 1315)
(3182, 5205)
(4328,)
(1730, 2659)
(1963, 9866)
(1958, 8757)
(4021, 5551)
(4837, 9544)
(926, 5633)
(6627, 10002)
(1578, 10062)
(9816,)
(4625, 8037)
(239, 8135)
(593,)
(6829, 8544)
(8204, 9524)
(10046,)
(532, 1572)
(8857,)
(1739, 3209)
(285, 6126)
(4623,)
(7316, 9141)
(7790, 9961)
(7340, 9969)
(7914, 8858)
(6214, 8343)
(7510, 8268)
(1136, 1612)
(7762, 8026)
(9331, 9606)
(1199, 6035)
(2093,)
(4009, 4934)
(1518, 7912)
(9798,)
(53, 8249)
(7167, 9284)
(9612, 9685)
(3610, 9944)
(1218,)
(8220, 8826)
(5581, 10063)
(9482,)
(4005, 10028)
(1108, 5446)
(8847, 9283)
(1071, 7016)
(2648,)
(1640, 3197)
(8663, 9631)
(1499, 8624)
(1905, 7873)
(306, 9385)
(1587, 9865)
(5352, 9525)
(313, 1054)
(1121, 10078)
(5561, 9170)
(184, 8386)
(9943,)
(8894,)
(815, 9670)
(4320, 5153)
(1107, 9822)
(3350,)
(6485, 9557)
(6575, 8808)
(8243, 8553)
(8870, 9094)
(1521, 8759)
(5324, 9377)
(801, 5783)
(8757, 9891)
(1636, 1708)
(5924, 10018)
(5472, 9207)
(50, 6388)
(4345, 9488)
(300, 2864)
(852, 3973)
(619, 5778)
(2265, 5664)
(598, 7302)
(8480, 9733)
(4419, 8987)
(6385, 7005)
(7426, 7499)
(2260, 10031)
(7106, 9051)
(83, 1996)
(1523, 9378)
(1419,)
(7327, 8959)
(440, 6377)
(3083, 7200)
(9964,)
(2075, 3287)
(8618,)
(9005,)
(1798, 3017)
(2060, 4218)
(496, 10011)
(1429, 3471)
(9779, 9854)
(4372, 5555)
(134, 4946)
(7009,)
(7413, 10070)
(1811, 8430)
(1199, 7857)
(847, 10050)
(771, 7874)
(504, 9602)
(295, 6544)
(1587, 2232)
(1641, 3631)
(227,)
(8892, 9836)
(809, 2566, 7130)
(1616, 9658, 9919)
(2794, 4841)
(1588, 3321)
(1026, 5151)
(4017, 9919)
(2315,)
(512, 4640)
(4331, 9851)
(6452, 9986)
(944, 9171)
(7564, 8725)
(3300, 7384)
(3604, 6074)
(7882, 8262)
(1655, 8741)
(8936,)
(3918, 9133)
(6245, 10011)
(8284, 8773)
(641, 4637)
(10075,)
(5175, 7811)
(5657, 9085)
(4862, 9144)
(112, 4653)
(2221, 6714)
(7275, 9018)
(1564, 8537)
(3490, 7388)
(6826, 8859)
(6475, 9391)
(7990, 9749)
(1173, 3027)
(3989,)
(9364, 9939)
(1107, 2103)
(4188,)
(1565, 7126)
(8005, 9744)
(1878, 5790)
(5143, 9501)
(2133, 3778)
(1335, 4747)
(5954, 9015)
(3152, 7906)
(827, 3639)
(9766,)
(8496, 9395)
(1254, 3057)
(5523, 9506)
(526, 9337)
(8742, 10085)
(1446, 8385)
(2667, 9440)
(58, 9913)
(2047, 10052)
(243, 2805)
(1503, 3903)
(3905, 9996)
(4688, 7415)
(4100, 6029)
(609, 7527)
(1960, 4296)
(8436, 9673)
(5250, 9983)
(963,)
(1856, 7866)
(916, 9997)
(3060, 4821)
(7019, 8388)
(6021, 8109)
(8111, 9771)
(8871, 9798)
(8549,)
(1042, 1113)
(590, 6573)
(8765, 9955)
(703, 6028)
(2589, 3000)
(7995, 9989)
(2765, 4938)
(247, 7353)
(5660, 5896)
(8639,)
(3664, 6789)
(5972, 9663)
(1127, 3947)
(1498,)
(5034, 8874)
(3496,)
(6720, 9823)
(9787,)
(4960, 9487)
(6006, 9046)
(4374, 10063)
(361, 3233)
(8028, 8564)
(4215, 9403)
(3667, 4170)
(5693, 9168)
(1395, 6179)
(1613,)
(4237, 9404)
(668, 9121)
(479, 887)
(3372, 9979)
(2559, 7850)
(1056, 9892)
(368, 4909)
(50, 10029)
(1742, 7909)
(7833, 9332)
(1411, 7989)
(7094, 7553)
(5369, 6183)
(5099, 9346)
(7310, 7555)
(9273,)
(459, 9133)
(674, 5328)
(3541, 7526)
(2004, 8712)
(1180, 2571)
(1155, 9321)
(7286, 9214)
(8570,)
(35, 5256)
(2532, 3472)
(4320,)
(2342, 10026)
(6492, 7810)
(405, 3404)
(6176, 6803)
(6309, 9317)
(8132, 9886)
(3726, 6282)
(8571, 9556)
(344, 1730)
(5815, 9452)
(9808,)
(491, 5064)
(5852, 7679)
(3360, 9506)
(1437, 6349)
(6164, 9528)
(8992, 9138)
(2776, 6799)
(1439, 4882)
(4593, 7648)
(4447, 4849)
(596, 4703)
(2774, 4018)
(1569, 8889)
(9988,)
(1298, 9363)
(794, 4154)
(6283, 6467)
(7992,)
(1829, 8247)
(1327, 5372)
(833, 3228)
(1360, 6938)
(884, 8461)
(3748, 8948)
(1845, 7717)
(992, 1453)
(8954, 10088)
(6888, 9036)
(8340, 8958)
(4131, 8675)
(4101,)
(2431,)
(431, 6802)
(9474,)
(2320, 9177)
(1433, 3178)
(2566, 6575)
(7927, 8136)
(266, 8183)
(3054, 4531, 9085)
(2775, 3441)
(4790, 9632)
(582, 2738)
(8248, 8538)
(2048, 4014)
(641, 8734)
(2666, 7329)
(7568,)
(6683, 9601)
(8704, 9188)
(8886,)
(7518, 8672)
(3440, 7299)
(2356, 8384)
(5017, 8222)
(2359, 7718)
(1641, 5366)
(2253, 4942)
(6268, 7861)
(6194, 7728)
(488, 7410)
(8759, 9717)
(4089,)
(7562, 7998)
(7894, 9792)
(412, 2505)
(1113, 4820)
(625, 8554)
(904, 8969)
(1784, 7536)
(1925,)
(8251, 8977)
(6192, 6379)
(2712, 3718)
(8050, 9532)
(8372,)
(3706, 9076)
(9591, 9634)
(2742, 8580)
(1536, 5023)
(9858, 9977)
(1247,)
(9348, 9989)
(7061, 9520)
(6238, 6817)
(1559, 8575)
(3079, 7000)
(5145, 9861)
(4932, 7652)
(3609, 6100)
(2009, 7311)
(6972, 9645)
(662, 3544)
(529, 2845)
(8731, 9267)
(860, 6159)
(3908, 9841)
(1735,)
(1514, 5042)
(889, 2908)
(857, 8570)
(6746, 9208)
(2150, 6249)
(6051, 9867)
(1739, 8834)
(4329, 4745)
(886, 9341)
(4025, 8975)
(883, 8253)
(4949, 9462)
(3903, 6771)
(3304, 9952)
(8140,)
(9442,)
(4517, 8853)
(8250, 8563)
(6447, 8959)
(310, 3490)
(6080, 9719)
(428, 2987)
(518, 9605)
(2, 7618)
(4233,)
(7536,)
(6310, 9828)
(9622,)
(7124, 7797)
(2866, 9380)
(676, 738)
(95, 9089)
(1953, 7491)
(8149, 9499)
(629, 9450)
(361, 8407)
(9977,)
(1169, 8339)
(9603, 9675)
(4228, 9141)
(5556, 9243)
(490, 8370)
(8564, 9617)
(415, 1853)
(1235, 2433)
(10067,)
(4768, 9441)
(5557, 6968)
(1343, 2083)
(3669, 9735)
(6497, 8257)
(5315, 8303)
(196, 873)
(8161,)
(3245, 8899)
(8593, 9281)
(2115, 9903)
(5252, 9858)
(136, 6368)
(2254,)
(3856, 10075)
(6790, 9808)
(327, 6116)
(834, 3432)
(1001, 9521)
(1301, 4245)
(8607, 9765)
(5730, 9986)
(7668, 8788)
(512, 1776)
(301, 9059)
(3141, 7308)
(7548, 9449)
(7437, 9191)
(1233, 5978)
(1497, 8245)
(5844, 6074)
(994, 1970)
(4195, 7309)
(9758,)
(2024, 8973)
(8238, 8388)
(7084, 9095)
(7093, 10057)
(8745, 9278)
(7090, 8493)
(1912, 8652)
(1419, 1849)
(6455, 9321)
(2902, 8980)
(6876, 9352)
(780, 3862)
(2802, 4824)
(3898, 9123)
(91, 5734)
(6272, 6658)
(211, 9283)
(8299, 8915)
(7017, 7104)
(3295, 7592)
(6856, 7305)
(4050, 9034)
(2299, 2976)
(560, 5151)
(411, 6619)
(2323, 5418)
(1067, 3827)
(1904, 5444)
(21,)
(285, 3289)
(6924, 9317)
(1550, 8863)
(786, 4898)
(536, 7780)
(6197, 7529)
(915, 9152)
(9664,)
(1442, 5363)
(30, 5513)
(8095, 8982)
(8130, 10021)
(326, 8523)
(3702, 9031)
(4901, 9227)
(9665, 9769)
(7966, 9778)
(9779,)
(2562, 5811)
(7985, 9279)
(386, 7648)
(8706, 9027)
(9869,)
(3913, 9094)
(2520, 9447)
(2753, 5149)
(2248, 9086)
(254, 9123)
(9166,)
(245, 4968)
(5531, 7614)
(3704, 4003)
(5316, 10027)
(214, 8781)
(8216,)
(6340, 7408)
(3140, 9421)
(2618, 3561)
(6283, 7061)
(546, 7361)
(2936, 6109)
(1813, 2837)
(8059, 9848)
(2770, 8071)
(8017, 9590)
(5361,)
(5708, 6902)
(61, 200)
(2354, 5950)
(196, 4957)
(4225, 9689)
(1785, 9901)
(2476,)
(3697, 8426)
(9001, 9570)
(8958, 9801)
(5367, 8973)
(3795, 7314)
(1269, 2619)
(1146, 4169)
(2326, 3956)
(897, 9757)
(7697, 10038)
(4075, 7228)
(6556, 9566)
(499, 5564)
(872, 3462)
(2978, 9813)
(2825, 3615)
(5627, 6980)
(7539, 8551)
(9302,)
(8253,)
(7768, 9644)
(1031, 7179)
(5325, 9011)
(299, 7832)
(8074,)
(6155, 9204)
(2495, 3650)
(79,)
(6539, 9677)
(466, 7287)
(6188, 6394)
(899, 3600)
(2327, 3926)
(7728, 7974, 9307)
(7396,)
(937, 3207)
(3360, 4761)
(4890, 8908)
(3554, 7879)
(9722,)
(2853, 8530)
(6557, 9459)
(1233, 5362)
(9378, 10045)
(3739, 8814)
(4416, 7956)
(7105, 10010)
(499,)
(8418, 9373)
(5862, 9531)
(612, 4764)
(365, 8187)
(58, 2021)
(9927,)
(924, 8328)
(7931,)
(6882,)
(497, 7168)
(1737,)
(5341, 9763)
(1292, 6166)
(10001,)
(9208,)
(763, 4059)
(501, 7614)
(7870, 8685)
(6059, 7466)
(4797, 9727)
(5767,)
(5890, 6266)
(1695, 1924)
(1662, 7144)
(8027, 9514)
(8725, 9483)
(1712, 4733)
(3264, 9910)
(603, 1224)
(1909, 3487)
(9253, 9474)
(5102, 9394)
(4851, 9249)
(4117, 9465)
(2536, 3677)
(2887, 7801)
(2367, 7606)
(999, 9829)
(1281, 6642)
(1674, 5494)
(3297, 9471)
(7417,)
(249, 2526)
(7923, 8449)
(2780, 6494)
(7438, 9554)
(2665, 9649)
(5250, 7672)
(723, 2409)
(7713, 9460)
(4830, 9222)
(953, 5459)
(8094, 10019)
(635,)
(563, 2456)
(7537, 9219)
(8817, 9578)
(7961, 8142)
(4112, 7792)
(1149, 7386)
(2130, 6323)
(4631, 9402)
(5500, 7590)
(8838, 9484)
(7211, 9329)
(2763, 6230)
(6993,)
(6237, 7929)
(1204, 3292)
(2120, 8038)
(3908, 9064)
(6761, 7304)
(6020, 9760)
(1229, 9401)
(9352, 9685)
(941, 5014)
(1938,)
(532, 2719)
(8107, 9414)
(1336, 9600)
(4396, 9753)
(1728, 8642)
(1152, 6522)
(7421, 9248)
(3756, 9085)
(5967, 8489)
(9433, 9987)
(9621, 9707)
(6472, 9194)
(1119, 1465)
(2252, 9084)
(2727, 7407)
(1809, 6464)
(1857, 8169)
(3181, 9619)
(5987, 8883)
(2760, 9681)
(360, 5048)
(177, 6899, 8532)
(1632, 4549)
(2581, 5061)
(1472, 2106)
(3642, 9110)
(7656, 8980)
(4571,)
(1749, 3997)
(894, 4966, 6427)
(8920,)
(824, 9941)
(6066, 8794)
(3602, 6122)
(2430, 9600)
(2463, 7169)
(7733,)
(2372, 9980)
(7844, 8016)
(6784, 8598)
(5363, 5970)
(3446, 5233)
(6932, 7611)
(1891, 9398)
(1893, 8577)
(9122, 9628)
(7086, 8451)
(2135, 9035)
(2677, 5650)
(4844, 9703)
(1209, 2963)
(1740, 6001)
(2281, 8903)
(5446, 7986)
(5897, 6071)
(5231, 9575)
(7104,)
(2156,)
(7010, 10069)
(8512, 9975)
(6322, 8665)
(5148, 7431)
(5958, 10075)
(8067, 9302)
(2578, 4765)
(4011, 9050)
(2144, 9738)
(9534, 9754)
(8719, 9870)
(6751, 9692)
(990, 2426)
(1466, 5050)
(1371,)
(809, 4193)
(303, 5603)
(3584, 3808)
(2057, 7042)
(2458, 5315)
(3890, 8822)
(2312,)
(412,)
(2768, 8248)
(7604, 7922)
(573, 5089)
(4111, 7853)
(6705,)
(2017, 9098)
(297, 1164)
(3510, 7545)
(222, 6202)
(8348, 8374, 9275)
(2050, 2255)
(7151, 9708)
(10080,)
(3985, 6688)
(3917, 6792)
(3740, 9966)
(832, 4121)
(1175, 4256)
(3774, 9264)
(7017, 7756)
(3904,)
(637, 4183)
(7614, 8051)
(591, 6451)
(3261, 9125)
(9121,)
(9464, 9890)
(3134, 6882)
(7046, 8032)
(1925, 8060)
(7830, 8229)
(947,)
(4189, 9147)
(4015, 7753)
(6525, 8880)
(6352, 8970)
(7758, 9325)
(6928, 8556)
(1552, 9898)
(7649, 9193)
(154, 8364)
(1647, 9804)
(1834, 7914)
(2138, 9584)
(4283,)
(8657, 10046)
(1149, 7706)
(6852, 9383)
(7490, 9559)
(4269, 8517)
(7703, 8889)
(5476, 9965)
(1054, 2293)
(6012, 7101)
(8946, 10015)
(917, 9335)
(4171, 9215)
(7721, 9507)
(7100, 9146)
(6013, 7844)
(5738, 8752)
(4836, 7360)
(2177, 9792)
(8007, 9309)
(1224, 4942)
(8605, 10001)
(7320, 7993)
(1915, 4946)
(888, 1197)
(3344, 7412)
(7861, 9510)
(2499, 5388)
(3436, 9197)
(9257,)
(5996, 9587)
(6959, 9171)
(626, 9709)
(1083,)
(6206, 8955)
(2994, 8041)
(3530, 5824)
(928, 5587)
(8341, 9289)
(5454, 9728)
(5353,)
(1065, 7056)
(416, 6414)
(273, 1419)
(7103, 9593)
(2379, 9388)
(5242, 6136)
(2736, 8342)
(987, 1084)
(13, 9883)
(753, 8440)
(1536, 6903)
(1812, 4597)
(3052, 8831)
(6906, 8045)
(5409, 9579)
(3271, 4727)
(6723, 9732)
(961, 8121)
(6216, 6777)
(2305, 7331)
(7596, 9395)
(8819, 9079)
(9322, 9654)
(569,)
(1846, 9595)
(6157, 7821)
(3350, 7505)
(4506, 7932)
(1006, 2614)
(8833,)
(342, 2945)
(7409, 9157)
(408, 9825)
(5009, 8884)
(5004, 9495)
(4722, 8630)
(2872, 3185)
(901, 2769)
(4134, 9911)
(4939, 6730)
(9179,)
(5887, 8983)
(2249, 4341)
(2137, 9689)
(8716, 9912)
(286, 9360)
(6441, 9690)
(594, 2343)
(3192, 4119)
(2566, 6981)
(6217, 8453)
(9322, 9533)
(6987, 10009)
(6352, 9328)
(852, 5690)
(7123, 9847)
(615, 9551)
(5021, 9949)
(5344, 7536)
(3957, 9735)
(63, 3983)
(6056, 9800)
(5548, 9128)
(8127, 9102)
(8995, 9084)
(3635, 8886)
(9714,)
(8666, 9762)
(1528, 3486)
(191, 5083)
(9560, 9803)
(2772, 5009)
(1702, 9948)
(4491, 6370)
(8891, 9214)
(2550, 5465)
(5851, 9815)
(3247, 6934)
(4843, 8478)
(735, 7515)
(4870, 9719)
(460, 1111)
(2327, 8101)
(7815, 8914)
(2290, 3472)
(7073, 7090)
(2052, 9306)
(8033, 8949)
(850, 9644)
(4154, 4625)
(5760, 6390)
(6519, 9498)
(5789, 7606)
(5439, 8624)
(5761, 8697)
(853, 2080)
(2676, 8815)
(2564, 6711)
(9529, 9916)
(3332, 5006)
(6792, 7807)
(1609, 9917)
(1763, 9636)
(5447, 8718)
(5643, 8708)
(3081, 9236)
(2388, 3618)
(3229,)
(9495,)
(5364, 9597)
(185, 2364)
(8993, 9516)
(7590, 8938)
(8430, 8680)
(1956, 6567)
(496, 7682)
(1839, 7606)
(7621, 10022)
(8551, 8884)
(816, 3649)
(323, 6975)
(2154, 3301)
(1321, 8590)
(7701, 9211)
(538, 8591)
(717,)
(4234, 9226)
(8981,)
(5549, 8916)
(3186, 9963)
(5665, 8520)
(4889, 6355)
(8303,)
(7726, 9073)
(1317, 8936)
(1168, 4336)
(9158, 9767)
(113,)
(9426,)
(312, 8181)
(8208, 8545)
(3982, 9861)
(6147, 8983)
(3703, 4914)
(5347, 8159)
(203,)
(6726, 7727)
(1867,)
(1254, 7472)
(6460, 9660)
(53, 1504)
(5255, 7656)
(691, 3475)
(6065, 6173)
(53, 4799)
(5187, 5356)
(1222, 3839)
(931, 3470)
(1868, 4951)
(6899, 8532)
(1920, 8567)
(9314, 9640)
(1129, 9379)
(5984, 9165)
(5152, 9509)
(1644, 8228)
(223, 6530)
(8241, 8890)
(6680, 9970)
(8650, 8778)
(9961,)
(7137, 9814)
(4839, 8397)
(4094, 5298)
(5466, 6332)
(7725,)
(1422, 4912)
(2972, 5268)
(2834, 5042)
(6286, 9636)
(9002,)
(579, 3687)
(4937, 7675)
(3076, 7436)
(3287, 3845)
(2464, 8696)
(158, 6655)
(44, 4321)
(601, 5049)
(6380, 9441)
(2984, 9679)
(5974, 8120)
(369, 6913)
(1921, 9442)
(2331, 2612)
(1162, 3018)
(8265, 9235)
(1475, 1582)
(5763, 6634)
(8781, 9968)
(2775, 8209)
(4737, 7467)
(8607, 9724)
(3930, 6677)
(1348, 8113)
(7087, 7305)
(344, 6230)
(3549, 6693)
(1114, 1653)
(320, 4499)
(314,)
(1994, 8880)
(8982, 9608)
(5245, 7128)
(102, 4367)
(4937, 6017)
(8047, 9150)
(884, 1596)
(6598,)
(2155, 9369)
(6687, 8957)
(7028, 9757)
(561, 6280)
(6603, 6801)
(5802, 7629)
(1924, 5878)
(4641, 7775)
(2931, 8146)
(3762, 9381)
(9950, 10012)
(1439, 8365)
(18, 8746)
(3817, 9448)
(4783, 8673)
(1186, 9573)
(152, 5167)
(885, 5667)
(5763, 7240)
(1898,)
(6383, 9280)
(7049, 9412)
(2443, 5974)
(423, 773)
(9696, 9974)
(511, 4357)
(1175, 3852)
(4966, 9991)
(4310, 4862)
(2943, 6783)
(4667, 9569)
(9228,)
(2123, 8495)
(4252, 9958)
(3817, 9753)
(4838, 7058)
(7201,)
(483, 5860)
(5650, 5985)
(303, 4945)
(8589, 9401)
(7268, 9242)
(2464, 7819)
(7652, 9316)
(2259, 5235)
(766, 3273)
(1743, 9809)
(4410, 10031)
(1331, 5971)
(3048, 9764)
(4069, 9563)
(5073, 8250)
(7668,)
(689, 2762)
(3598, 8760)
(6049, 6757)
(7448, 9027)
(8807, 10059)
(228, 6483)
(925, 5356)
(1942, 7719)
(5744, 10042)
(4074, 10001)
(1530, 8107)
(6814, 8961)
(2623, 7702)
(4156, 9326)
(3076, 9127)
(4467, 7207)
(2828, 7313)
(5456, 7333)
(5847, 9463)
(6808,)
(886,)
(9896, 9931)
(1919, 9567)
(9150,)
(7766, 10029)
(1800, 2153)
(1305, 8936)
(64, 1729)
(2841, 10022)
(810, 1611)
(1143, 8086)
(5489, 5553)
(4803, 7416)
(1877, 8320)
(2333, 6291)
(3133, 4793)
(26,)
(163, 8118)
(2001, 5155)
(6820, 9977)
(2817, 9482)
(5744, 8408)
(8841, 9818)
(7402, 9766)
(7608, 8303)
(2431, 7393)
(31, 7677)
(1950, 10005)
(9522, 9787)
(177, 8532)
(3406, 9755)
(4488, 8874)
(506, 7947)
(2308, 9295)
(8058, 8508)
(9030, 9154)
(1757, 3970)
(8778, 9527)
(978, 7475)
(1528, 9757)
(3147, 9074)
(4422, 9589)
(113, 6311)
(1018, 3914)
(3704, 4521)
(6635, 9057)
(9784,)
(8751,)
(6183, 6746)
(77, 6165)
(7002, 8816)
(4250, 8813)
(609, 3732)
(3122, 7202)
(1610,)
(2638, 4705)
(367, 2490)
(2359, 5861)
(3055, 5752)
(9874,)
(7283, 9910)
(201, 9838)
(7052, 9840)
(1739, 2787)
(7184, 9943)
(3211, 3598)
(5836, 8238)
(280, 1735)
(305, 3220)
(1484, 1607)
(10, 9226)
(3807, 5772)
(2156, 6449)
(8196, 8946)
(5839, 8256)
(420, 2176)
(4120, 7163)
(3080, 5741)
(3749, 9851)
(5032, 9029)
(6621, 9355)
(63,)
(9360,)
(2200, 10052)
(1816, 2262)
(600, 3072)
(1349, 2365)
(6551, 6784)
(6526, 9075)
(4333,)
(3440,)
(2407,)
(4892, 7835)
(3083, 4526)
(2568, 7333)
(3285, 8125)
(483,)
(9592, 9742)
(8136, 9097)
(2051, 6430)
(4486, 5040)
(2366, 6588)
(6689, 9527)
(5265, 8340)
(273, 2335)
(6864, 8533)
(8424, 8753)
(3394, 7540)
(8823, 9564)
(584,)
(220, 3449)
(1945, 2580)
(5052, 9863)
(1721,)
(3316, 4634)
(2942,)
(3445, 8505)
(9985,)
(5381, 6374)
(267, 2876)
(7597, 9723)
(4907, 8612)
(5638, 6694)
(8005,)
(122, 6212)
(5897, 6484)
(5336, 9412)
(9307,)
(5450, 9907)
(221, 6409)
(6909, 8865)
(84,)
(1933, 4709)
(7512, 7673)
(8953, 9245, 9616)
(2668, 8647)
(6175, 7025)
(1631, 8972)
(734, 8368)
(1223,)
(8442, 9134)
(837, 6192)
(1157, 3725)
(1826, 8023)
(5742, 9962)
(2038, 8330)
(846, 2680)
(7016, 7743)
(202, 10079)
(6077, 6247)
(6514, 8140)
(5008, 8035)
(7919, 9521)
(3033, 9293)
(5260, 8135)
(5777, 9911)
(8793,)
(7559, 9915)
(3688, 3829)
(2567, 7742)
(619,)
(4697, 8726)
(1392, 9639)
(5760, 6608)
(1472, 7898)
(94, 8381)
(33, 9892)
(2039, 9571)
(427, 8274)
(7334, 7461)
(1384, 9644)
(9017, 9557)
(5772,)
(1520, 9827)
(2847, 10070)
(578, 6501)
(3803, 4084)
(2966, 7364)
(8720, 10093)
(1205, 1965)
(3979, 9759)
(8631, 9335)
(1021, 5312)
(72, 252)
(5132, 8839)
(485, 1966)
(634, 4584)
(995, 1597)
(5349, 10084)
(9440, 9904)
(5595, 9821)
(4493, 9190)
(5495, 9517)
(4077, 9142)
(583, 7550)
(2045, 8911)
(7371, 9791)
(6791, 7864)
(564, 1386)
(8282, 8633)
(7512,)
(4444, 9107)
(4455, 9351)
(4820, 5994)
(104, 792)
(3614, 8963)
(3771, 6487)
(5980, 9256)
(3086, 7202)
(1568, 3577)
(1339, 9330)
(6156, 9964)
(6251, 9977)
(7092, 9083)
(6079, 9288)
(8320, 9510, 9764)
(4146, 5415)
(5557, 5769)
(153,)
(4632, 6315)
(3777,)
(3760, 8606)
(4838, 8594)
(2239, 9540)
(2681, 3397)
(2213, 7589)
(3603, 8714)
(7014,)
(4115, 7513)
(1155, 5062)
(5956, 10080)
(1163, 9099)
(4225, 6170)
(1854, 7850)
(5811, 7194)
(2749, 7395)
(4679, 9908)
(1557, 8576)
(5263, 5874)
(3022, 8982)
(3606, 5588)
(3189,)
(4321, 7301)
(3661, 4017)
(285, 6839)
(7906, 8626)
(5767, 8212)
(1792, 1952)
(1984, 9200)
(7203,)
(6154,)
(27, 4766)
(2565, 8304)
(7112, 10017)
(8271, 9439)
(3141, 9901)
(6184, 9576)
(38, 10067)
(306,)
(5254, 9854)
(7004, 8392)
(403, 4224)
(169, 3866)
(8020, 8547)
(223, 6372)
(7920, 9705)
(516, 5127)
(2830, 5283)
(1490, 9396)
(1741, 2471, 5078)
(267, 7804)
(7691, 9475)
(1573, 4920)
(4338, 9889)
(7535, 9878)
(2646, 7930)
(5740,)
(3088, 6759)
(5524, 7120)
(947, 7175)
(586, 3800)
(1442, 4846)
(5259, 6074)
(10064,)
(8049, 9872)
(1066, 2035)
(6767, 7120)
(5449, 7975)
(1488, 5751)
(158, 1200)
(8203, 10064)
(3318, 8726)
(5163, 8634)
(6707, 9049)
(4822, 9744)
(6833, 10025)
(694, 9371)
(7184, 9079)
(1721, 7397)
(7969, 8773)
(6333, 8026)
(2435, 9838)
(1767, 8660)
(3808, 7225)
(1810, 2990)
(2251,)
(7743, 9026)
(2873, 6031)
(4911, 9110)
(6595, 7420)
(2003, 5436)
(4531, 6338)
(226, 8707)
(1498, 3276)
(1376,)
(343,)
(718, 9470)
(8012, 9269)
(362, 947, 6788)
(2812, 8071)
(987, 5527)
(9820, 9866)
(1073, 2367)
(5620, 7516)
(7775,)
(2161, 8821)
(494, 6685)
(359, 3796)
(6702, 9292)
(326, 7222)
(6893, 10015)
(3498, 5157)
(8143, 9444)
(2880, 7627)
(378, 8961)
(9343, 9618)
(9142,)
(7362, 9097)
(245, 909)
(4398, 9659)
(5054, 8682)
(5178, 8877)
(8612, 9864)
(2001,)
(2966,)
(371, 5520)
(1003, 6614)
(5316, 6587)
(1371, 1628)
(22, 1816)
(9447, 9849)
(4708, 9561)
(3989, 6118)
(7626, 7658)
(2930, 6542)
(387, 5099)
(1743, 6662)
(4411, 9763)
(7091, 9929)
(474, 4598)
(140, 8642)
(5519, 9721)
(1746, 8885)
(1858, 5619)
(2095, 2518)
(7800, 9377)
(2882, 6693)
(2267, 8765)
(2987, 5654)
(9776,)
(7389, 8302)
(884, 3794)
(8170, 8843)
(2695, 8254)
(4527, 6999)
(3576, 9411)
(1992, 2153)
(6801, 6856)
(5867, 7365)
(1314, 9536)
(9073,)
(920, 5846)
(959, 5866)
(4019, 9582)
(671, 9813)
(9427, 9755)
(6328, 7923)
(5661, 6177)
(4322, 4598)
(5252, 9468)
(1905, 5875)
(3550, 7520)
(6350, 8963)
(1342, 8439)
(9220, 10066)
(2337, 3570)
(1389, 5300)
(1710, 2690)
(4597, 9601)
(7282,)
(7450, 9772)
(323, 4485)
(55,)
(7231, 9172)
(9635, 9730)
(2152, 3100)
(1697, 8981)
(8148, 9359)
(1639, 8119)
(569, 3731)
(8649,)
(3941, 8237)
(2049, 9363)
(7209, 9917)
(8967, 9074)
(2464, 6198)
(637, 6090)
(1739, 3833)
(3079, 5184)
(7345, 10016)
(3709, 8343)
(4068, 7510)
(2950, 3803)
(1416, 9303)
(8764,)
(991, 2883)
(5122, 8996)
(434, 4513)
(2871, 3237)
(8950, 9160, 9263)
(4528, 4740)
(4117, 7694)
(9489, 9916)
(590,)
(540, 6376)
(218, 7979)
(8521, 9714)
(9903,)
(8854,)
(5789, 9139)
(7835, 9137)
(2856, 6365)
(7518, 9920)
(593, 5516)
(7725, 8776)
(136, 8603)
(9356, 9912)
(5652, 8037)
(503, 1211)
(259, 2974)
(6065, 6277)
(1125,)
(8122, 8560)
(7496, 8010)
(269, 9141)
(2739, 6268)
(7521, 9221)
(21, 2660)
(1960, 9007)
(789, 2214)
(3389, 5497)
(1090, 6025)
(3042, 6038)
(2186, 4054)
(3341, 7582)
(2958, 4811)
(178, 4409)
(7130, 7714)
(609, 1541)
(6292, 9106)
(7030, 9600)
(1488, 9855)
(2812, 2966)
(8057, 9671)
(2872, 6296)
(4564, 9817)
(984, 2460)
(8469, 8647)
(3748,)
(1626, 6079)
(359, 9027)
(2329,)
(294, 8426)
(7401, 9655)
(7635, 9286)
(9338, 10046)
(6398, 7582)
(5887, 9206)
(1824,)
(4094,)
(4595, 8624)
(812, 3783)
(5279, 5971)
(587, 3375)
(3341, 4507)
(1212, 7955)
(751, 9956)
(2811, 9123)
(2351, 4036)
(7214, 9890)
(288, 1575)
(8872, 9075)
(7793, 7907)
(9552, 10005)
(3234,)
(4579, 8641)
(4489, 9129)
(2185,)
(1834, 5612)
(7504,)
(6471,)
(136, 5711)
(2265, 6411)
(8240, 9802)
(3580,)
(1935, 2243)
(460, 9828)
(5430, 9543)
(5269, 9189)
(8822,)
(4511, 6881)
(2773, 5935)
(3415, 8541)
(2355, 9010)
(5219, 9205)
(3092, 9738)
(479, 3029)
(7442, 7842)
(346, 1634)
(130, 7022)
(6348, 9351)
(6373, 8649)
(3397, 6735)
(3291, 6209)
(4532, 4930)
(927, 3287)
(1390, 9166)
(29, 2116)
(543, 8932)
(4315, 7834)
(148, 6646)
(6905, 8115)
(5443, 8861)
(4418, 9795)
(8398, 9247)
(8481, 10065)
(720, 6593)
(3877, 9910)
(8082, 9655)
(5309, 9091)
(1364, 9022)
(1646, 4931)
(886, 7811)
(619, 4144)
(7418, 8736)
(123, 7498)
(5974, 6728)
(2797, 8063)
(4288, 9464)
(2050, 2255, 8068)
(8527, 9589)
(7370, 8494)
(1289, 8223)
(2373, 3572)
(725, 9301)
(2294, 8356)
(9521,)
(3065, 4136)
(2855, 5664)
(1533, 3733)
(2752, 8161)
(2108, 8996)
(3819, 9956)
(2775, 2975)
(980, 7970)
(7195, 8685)
(5951, 8886)
(3434, 3701)
(4647, 6780)
(409, 8125)
(5645, 10031)
(3644, 5960)
(1400, 9490)
(9982,)
(2819, 9541)
(2352, 4683)
(8556, 9962)
(1191, 1370)
(7541, 9396)
(2774, 4134)
(7509, 7557)
(7452, 9923)
(3616, 9809)
(141, 4045)
(9409, 9994)
(955, 6479)
(656, 3805)
(2779, 5563)
(7165, 9726)
(6561, 7383)
(279, 5463)
(4942, 8436)
(4191, 9496)
(6650, 7745)
(9468,)
(1090, 1196)
(2371, 9767)
(1254, 3634)
(99, 4009)
(270, 6564)
(4883, 9564)
(2887, 3046)
(7952, 8549)
(9105, 9232)
(2638, 8488)
(7474, 8141)
(6071, 9165)
(5148, 5278)
(3288, 9934)
(1737, 7813)
(6900, 8239)
(3499, 7531)
(3999, 8798)
(4475, 8540)
(6817, 9716)
(6036, 8227)
(2417, 8598)
(4525, 8478)
(2771, 5867)
(1458,)
(9059, 9987)
(1456, 7875)
(9207, 9414)
(3500, 7732)
(7777, 8820)
(2778,)
(1715, 6075)
(5041, 9704)
(3772, 7088)
(1045, 4029)
(7988, 8256)
(2667, 4894)
(5455, 7359)
(5991, 9201)
(3388, 4402)
(811, 4578)
(3088, 3919)
(9134,)
(4829, 9467)
(1758, 3660)
(3474, 9133)
(1474, 2977)
(434, 2226)
(73, 7863)
(944,)
(7954, 9325)
(6633, 9985)
(9233,)
(934, 1143)
(8174, 8959)
(8857, 10000)
(6365, 9938)
(6487, 10083)
(2340, 6419)
(5025, 8429)
(2909, 9720)
(8950, 9160)
(1739, 2787, 8129)
(7134, 8933)
(2276, 5815)
(9768,)
(8735,)
(7421, 9424)
(4359, 8225)
(5514, 9755)
(533, 9586)
(1939, 3498)
(68, 1469)
(7275, 7406)
(3659, 8936)
(407, 6744)
(2215, 2536, 2842)
(9155,)
(4638, 9203)
(131, 1953, 7491)
(1524, 5914)
(3054, 4531)
(9198, 9475)
(6259, 9736)
(3995, 9387)
(1404, 7423)
(6882, 9848)
(4976, 9971)
(1358, 3390)
(168, 7296)
(6550, 7825)
(6714, 8972)
(9690,)
(3739, 6796)
(3013, 9099)
(3972, 9174)
(9805,)
(4202, 7825)
(4900, 7236)
(6090, 9089)
(686, 6531)
(1409, 8662)
(582,)
(3350, 4448)
(9895,)
(6435, 7797)
(199, 3447)
(2030, 7930)
(3561, 9508)
(9176,)
(8219, 8579)
(4868, 8957)
(2004, 8705)
(4697, 8050)
(8381, 9746)
(288, 4002)
(2258, 9258)
(1699, 2411)
(2466, 9456)
(810, 7653, 8438)
(447, 6153)
(8145, 9416)
(23, 9294)
(8647, 9427)
(158,)
(4010, 6579)
(9727,)
(2978, 7378)
(3147, 8967, 9074)
(2120, 5096)
(2605, 8978)
(2779, 5844)
(7209, 8449)
(131, 1953, 6705)
(2980, 3367)
(8777,)
(5039, 9509)
(3409, 4720)
(7488, 8855)
(3004, 4948)
(10006,)
(9213,)
(3270, 8096)
(1213, 1570, 7505)
(2777, 3539)
(8767, 9403)
(4114, 6694)
(9312,)
(4060, 9222)
(7495, 9786)
(8100,)
(295, 9381)
(3307, 9732)
(2103,)
(50, 302)
(2640, 7382)
(9402,)
(8353,)
(1938, 6958)
(2767, 2858)
(7840, 8038)
(6974, 9321)
(5547, 9574)
(2516, 2682)
(4449, 7308)
(9693, 9922)
(479, 3717)
(2665, 2796)
(9108, 9872)
(2313, 6536)
(269,)
(2523,)
(3188, 7619)
(2684, 9911)
(2354, 9200)
(886, 8510)
(7834, 9597)
(450, 3212)
(1956, 2907)
(3286, 6403)
(2687, 4221)
(1914, 2413)
(169, 9489)
(6586, 9507)
(339, 3803)
(3891, 9602)
(8492, 8828)
(8845, 9258)
(2955, 4062)
(2712,)
(7650, 8561)
(3053, 9889)
(587, 2340)
(574, 993)
(3498, 7925)
(6541, 8958)
(6843, 9282)
(3530,)
(5166, 10089)
(8953, 9245)
(2273, 2569)
(3507, 10022)
(179, 4106)
(9069, 9388)
(3443, 9747)
(4553, 9072)
(6616, 9462)
(1419, 7601)
(3940, 9844)
(653, 1102)
(3696, 4290)
(26, 2750)
(1654, 5979)
(229, 2170)
(4826, 9129)
(7187,)
(8414, 8699)
(2214,)
(391, 4023)
(2085, 3495)
(7613, 9167)
(5481, 9627)
(2291, 8890)
(5931, 7931)
(2544,)
(9, 9831)
(2663, 5044)
(6024, 8852)
(2495, 8028)
(4015, 8405)
(2146, 3927)
(898, 7646)
(6549, 9138)
(1429,)
(3708,)
(1687, 9731)
(2561, 5321)
(257, 1325)
(2318, 3129)
(9189, 9283)
(9178, 9432)
(3515, 3810)
(2898, 5758)
(470, 2338)
(3165, 3432)
(6861, 8913)
(1405, 8749)
(5460, 8815)
(1944, 2784)
(8895, 9940)
(513, 9763)
(4317, 9878)
(883, 3253)
(1551, 9958)
(9460,)
(6905, 8476)
(6027, 9063)
(9744, 9768)
(5868, 9220)
(3335, 6938)
(3284,)
(7669, 9945)
(2111, 6994)
(2707, 4628)
(1106, 9282)
(7253, 9039)
(8226, 9534)
(5355, 7779)
(2680,)
(1496, 4936)
(3951, 8862)
(8773, 9950)
(4230, 8956)
(1299, 7921)
(840, 8523)
(7967, 8389)
(9902, 9982)
(9036,)
(3305, 8205)
(1911,)
(3564, 5767)
(8683, 9912)
(1533, 9851)
(968, 9298)
(7002, 9939)
(452, 1789)
(2460, 4559)
(5686, 9883)
(100, 8032)
(9571,)
(605, 6892)
(3389, 7159)
(7820, 8236)
(542, 1142)
(6918, 9012)
(1251, 2993)
(1018, 7102)
(2772, 9512)
(8116, 8736)
(6007, 8646)
(89, 9961)
(1720, 8415)
(7397, 9684)
(7725, 7896)
(8500, 9176)
(7913, 8939)
(676, 9150)
(6124, 9999)
(6902, 8561)
(2670, 9777)
(8193, 8443)
(7571, 8763)
(1063, 9551)
(6263, 10001)
(5646, 8519)
(869, 7931)
(7886, 8633)
(5609, 7717)
(5433, 9768)
(871, 5900)
(825, 9628)
(3010, 8954)
(2382, 8753)
(7266,)
(3086,)
(3637, 7936)
(3468, 3603)
(9592,)
(231, 5951)
(1222, 5787)
(7622, 7883)
(4974, 7899)
(369,)
(5538, 8634)
(780, 5670)
(459,)
(985, 7869)
(90, 5211)
(148, 2531)
(5428, 9226)
(8748,)
(3292, 7802)
(130, 3498)
(655, 8830)
(7834, 9794)
(391, 4926)
(2666, 7287)
(9887,)
(8055, 8777)
(8051, 8109)
(2564, 7392)
(143, 1145)
(6898, 9304)
(2976, 8941)
(7843, 9064)
(1428, 8448)
(8414, 9246)
(194, 8942)
(1012, 4360)
(607, 4702)
(8810, 9485)
(360, 2450, 3830)
(1716, 2673)
(9373,)
(63, 5775)
(5656, 8689)
(63, 7854)
(1543, 6426)
(3065, 4863)
(2250, 8766)
(5812, 6287)
(1487, 2650)
(7557,)
(283, 1518)
(2385, 6238)
(1277, 9675)
(3570, 9612)
(7912,)
(1734,)
(4897, 9164)
(7810, 8992)
(5771, 7791)
(9205,)
(5613, 9626)
(2383, 8134)
(1200, 3160)
(8338, 8814)
(663, 7322)
(8628, 9179)
(7898, 8036)
(775,)
(9304,)
(1255, 1775)
(612, 4518)
(5565, 6168)
(1218, 9033)
(3128,)
(6812, 9862)
(8345,)
(1271, 9604)
(3293, 5547)
(5972, 6648)
(634, 6730)
(6942, 8709)
(7310, 7860)
(2425,)
(5800, 9943)
(253, 853)
(1029, 9382)
(1668, 5758)
(212, 6583)
(5800, 9937, 9943)
(470, 4781)
(689, 2335)
(436, 9833)
(8383, 9777)
(196, 7790)
(2474, 8038)
(356, 2634)
(9217, 9983)
(7693,)
(290, 1713)
(2566, 7130)
(4174, 8038)
(10019,)
(2583, 5627)
(3928, 8636)
(7921, 9430)
(9031, 9041)
(8031, 8867)
(7727, 8723)
(566, 6509)
(7418, 7827)
(2119, 3246)
(5450, 5461)
(3604, 9379)
(2457, 4519)
(4896, 5040)
(5810, 8713)
(306, 750)
(2672, 3501)
(780, 1532)
(6736, 9752)
(322, 7474)
(6699, 8732)
(1394, 9704)
(1843, 10025)
(1418, 7690)
(2715, 10049)
(1438, 9693)
(1539, 3135)
(1331,)
(6474, 7721)
(1858, 7910)
(2536,)
(621, 3762)
(4750, 9276)
(5425, 9536)
(1767, 7728)
(360, 8014)
(5543, 9149)
(661, 2172)
(7714,)
(1016, 8078)
(17, 272)
(231, 411)
(7020, 7702)
(9007,)
(8649, 9645)
(9615, 9653)
(2043, 5450)
(7147, 9791)
(3142, 8652)
(8750, 9930)
(8938, 9411)
(7526, 9218)
(1168, 1786)
(4229, 7011)
(8663, 9486)
(4122, 5444)
(3437, 8980)
(5220, 9089)
(1575, 7382)
(3945, 8069)
(7939, 8376)
(1671, 7268)
(3276,)
(134, 3049)
(1185, 2694)
(1138, 4490)
(8831, 8914)
(4088, 5966)
(3743, 9411)
(2317,)
(2449, 4571)
(8199, 9108)
(7630, 9336)
(6587,)
(6393, 7413)
(1815, 2092)
(2783, 8294)
(8622, 9178)
(1854, 7598)
(6188, 9207)
(3118, 9246)
(7825,)
(1157, 5669)
(555, 7519)
(2073, 6963)
(580, 4202)
(6832, 7627)
(3307, 3781)
(9077, 9281)
(1977,)
(3336, 6066)
(9160, 9263)
(2187, 2534)
(5239,)
(4538, 7935)
(1043,)
(9362, 9893)
(881, 10041)
(2014, 4420)
(238, 7580)
(8514,)
(4006, 9313)
(1456, 4375)
(8054, 8454)
(8420, 10046)
(8542, 8771)
(1810, 4649)
(4207, 7973)
(894, 4966)
(7823, 7978)
(318, 1125)
(978, 3738)
(9799, 9925)
(123, 9760)
(2984, 6005)
(9752,)
(79, 8155)
(1662, 8864)
(3607, 9483)
(1698, 6606)
(4137, 9355)
(492, 9290)
(263, 3712)
(6799, 7895)
(279, 7678)
(1774, 3602)
(5512, 9297)
(5600, 9985)
(769, 3844)
(4012,)
(534, 7681)
(7009, 9302)
(9551, 10091)
(1233, 7097)
(5214, 9944)
(7523, 9096)
(2356, 8552)
(1555, 5429)
(8006, 9947)
(6698, 9104)
(1035, 9238)
(3285, 6187)
(2904, 9902)
(2442, 9623)
(3958, 8958)
(817, 8833)
(1135, 4645)
(1334, 9027)
(3227, 8077)
(695, 4204)
(7235, 9461)
(9789,)
(789, 3901)
(1650, 6897)
(8315, 8363)
(598, 7971)
(174, 504)
(3601, 8748)
(5353, 5827)
(2564,)
(2239, 5784)
(6607, 9895)
(5291, 9095)
(3803, 7698)
(7859, 8490)
(801, 1603, 6204)
(235, 7524)
(4220, 9442)
(8793, 9723)
(4940, 8098)
(1725, 10004)
(9160,)
(8873,)
(2767, 9128)
(2978, 7471)
(5849, 5990)
(6694, 6996)
(4218, 6865)
(9119, 9651)
(2956, 4263)
(9275,)
(9093, 9419)
(1232, 2005)
(1356, 9604)
(2778, 4157)
(8321, 9278)
(728, 7005)
(819, 9412)
(3002, 9180)
(8572,)
(2662, 7075)
(5656, 6489)
(575, 1226)
(1340, 8547)
(8416, 9712)
(6057, 9822)
(1191,)
(4048, 9961)
(6440, 9408)
(4186, 8237)
(2572, 4949)
(2325, 4387)
(2331, 2434)
(7246, 10090)
(8025, 9000)
(1123, 1227, 8281)
(6645, 9690)
(3955, 5332)
(4469, 7937)
(659, 8645)
(841, 3241)
(2931,)
(189, 694)
(9990,)
(461, 1580)
(329, 6617)
(1737, 7298)
(4947,)
(3294, 9688)
(437, 2312)
(6490, 7525)
(564, 1644)
(8039, 8543)
(2768, 8940)
(3696, 7581)
(3224, 8457)
(493, 1997)
(73,)
(4778, 7784)
(4459, 9642)
(3594, 5227)
(5302, 7524)
(2791, 9367)
(1779, 9399)
(2674, 9940)
(9476,)
(3285, 7417)
(4425, 9791)
(497, 1131)
(5462, 8849)
(5120, 9030)
(1646, 6234)
(1657,)
(7645, 9864)
(8137, 9266)
(102, 5103)
(4411, 4663)
(262, 551)
(6062, 9294)
(6081, 6903)
(5026, 6325)
(8347, 9497)
(698,)
(1360, 9540)
(1617, 6112)
(705, 9342)
(9334,)
(2336, 9441)
(8962,)
(2767, 4599)
(413, 8757)
(7837, 8153)
(5835, 9546)
(6, 2523)
(1837,)
(5286, 9332)
(529, 5120)
(287, 7585)
(2679, 8350)
(1824, 4404)
(2448, 7111)
(4978, 9480)
(781, 9398)
(7230, 9543)
(3006, 6440)
(6275, 6748)
(15, 7414)
(260, 8488)
(8759, 9541, 9717)
(5332, 7716)
(9304, 9311)
(1323,)
(8673, 9948)
(2942, 6756)
(898, 3002)
(2379, 9773)
(4544,)
(2912, 9331)
(7204, 8270)
(5017, 6695)
(5532, 9819)
(5239, 6302)
(3602, 5782)
(1634, 6388)
(3303, 4333)
(1042, 4924)
(1098, 8322)
(1049, 2501)
(6656, 9036)
(505, 9706)
(7003,)
(2209, 5036)
(5234, 9602)
(4255, 7210)
(495, 704)
(1517, 4427)
(4773, 9972)
(1220, 2332)
(1948,)
(3371, 9377)
(3051, 4147)
(5305, 9418)
(7932, 9984)
(3396, 8181)
(4269, 10070)
(8653, 9698)
(1850, 8465)
(1704, 9646)
(9780, 9885)
(1335, 2894)
(5663, 8494)
(1721, 6081)
(8463, 9730)
(7760, 9044)
(6113, 9406)
(311, 9491)
(1741, 2471)
(7421, 7980)
(5346, 6476)
(9979,)
(5046, 6381)
(5521, 7297)
(6694,)
(1549,)
(3803,)
(6922, 9848)
(3303, 7267)
(1979, 9093)
(8366, 9999)
(6457, 9332)
(4933, 5818)
(9110,)
(1991, 6401)
(837, 1529)
(2340, 3230)
(5605, 6899)
(3494, 5422)
(1822, 3116)
(8073, 9572)
(6493, 7794)
(1131, 7411)
(532, 4461)
(6529, 8949)
(7670, 9314)
(5604, 8128)
(387, 3897)
(8611, 8867)
(3667, 4893)
(2266, 3439)
(6506, 9285)
(5660, 6533)
(9049, 9496)
(2560, 2945)
(3522, 9436)
(5655, 9035)
(2182, 8577)
(2574, 9095)
(5915, 9546)
(7649,)
(6229, 6781)
(1179, 1635)
(788, 2825)
(4424, 7243)
(248, 1424, 5865)
(6758, 9504)
(4118, 7878)
(373, 6988)
(150, 755)
(415, 7925)
(5554, 10049)
(2063, 4139)
(3824,)
(6179, 8729)
(916, 2136)
(10090,)
(831, 6631)
(6997, 8360)
(1640, 6676)
(3696, 6978)
(8574, 10052)
(1450, 4427)
(5970, 6701)
(360, 3830)
(6109, 9688)
(9814, 9836)
(3958, 9368)
(8197,)
(3451, 9718)
(4284, 8608)
(1229, 4728)
(61, 6135)
(1162, 3424)
(3605, 4353)
(6738, 6897)
(8146, 9808)
(2102, 7104)
(8203, 9293)
(2367,)
(811, 2468)
(1739, 8129)
(2520, 4691)
(6769, 9898)
(7248, 10008)
(2319, 8566)
(2145, 9777)
(6446, 9622)
(4135, 4524)
(2892, 8251)
(17, 10013)
(3435, 9239)
(3272, 9061)
(6241, 9410)
(6419, 7881)
(173, 1741)
(3910, 6849)
(9324, 9949)
(730, 6956)
(5912, 9312)
(4551, 9306)
(6885, 9904)
(2371, 5202)
(978,)
(2117, 9618)
(1863, 5642)
(2416, 8463)
(3085, 4397)
(1902, 9615)
(517, 5899)
(4841, 7319)
(617, 7346)
(7707,)
(5540, 7899)
(809, 2566)
(1913, 3193)
(9703,)
(7417, 7924)
(4055, 8656)
(1460, 6863)
(464,)
(1629, 7718)
(6390, 6447)
(2581, 6461)
(9802,)
(738, 9229)
(9059, 9987, 10090)
(27, 1234)
(43, 152)
(1628,)
(2691, 9611)
(9892,)
(1421, 9535)
(9385, 10058)
(5870, 7824)
(4849,)
(820, 1640)
(2831, 3027)
(326, 2373)
(2779, 7239)
(6577, 9832)
(3239, 9836)
(1010, 9702)
(4606, 9062)
(4826, 9129, 9426)
(1015,)
(6765, 7617)
(5726, 9775)
(9288,)
(886, 7983)
(199, 287)
(6408, 7915)
(939, 4199)
(3164, 9839)
(765, 7174)
(1191, 4442)
(2363, 7795)
(4240, 8884)
(3563, 8450)
(163, 6793)
(2236, 3705)
(2410, 6953)
(273, 4252)
(351, 5103)
(4331, 9784)
(2185, 9843)
(7269, 8322)
(3060, 5709)
(595, 783)
(1157, 2695)
(5308, 5452)
(969, 9882)
(1162, 5467)
(3342, 8505)
(7667, 9508)
(2083, 9854)
(9913,)
(3771, 4235)
(5735, 9353)
(9468, 9586)
(2670, 4305)
(6884,)
(1108, 4518)
(778, 4019)
(2477, 9138)
(2502, 9381)
(3491, 8375)
(4884, 9470)
(1857, 6264)
(966, 9975)
(1482, 4033)
(2118, 5744)
(6719, 9164)
(6629, 9494)
(1553, 4213)
(607, 9792)
(6133, 10041)
(544, 1529)
(102,)
(1770, 9441)
(2100,)
(9022, 9426)
(4776, 9749)
(1747, 7727)
(1561, 6431)
(9477, 9809)
(3880, 9034)
(571, 1357)
(6459, 9611)
(1311, 1433)
(3769, 8701)
(2367, 3571)
(1269, 3651)
(8870, 9991)
(4080, 9380)
(1315,)
(6618, 9104)
(1321, 7481)
(7660, 8451)
(485, 617)
(1748, 3362)
(637,)
(3156, 5388)
(1559, 2519)
(5248, 7152)
(593, 8216)
(717, 4726)
(827, 9621)
(8507, 9116)
(5231, 8988)
(8605, 8857)
(5864, 8751)
(9043, 9842)
(7622, 9666)
(978, 2395)
(3293, 7218)
(3488, 3810)
(889, 3611)
(5641, 8185)
(7103, 7841)
(213,)
(5090, 9559)
(2444, 9429)
(3778, 3938)
(2130, 4680)
(2356, 6986)
(2557,)
(5107, 9740)
(9600,)
(4484, 8725)
(963, 5225)
(1426,)
(1061, 8049)
(8228, 8917)
(9971,)
(8922,)
(607, 5824)
(323, 9969)
(2520, 7485)
(7207, 8506)
(7008, 7937)
(7794, 7992)
(1051, 4038)
(2464, 4651)
(1276, 8352)
(2349, 7849)
(6497, 9488)
(4393, 9495)
(153, 3716)
(4325, 9995)
(6360, 8241)
(3885,)
(6375, 7693)
(3799, 9559)
(5989, 8654)
(1543, 7051)
(3147, 8967)
(545, 6696)
(7207, 8585)
(6923, 8881)
(1558, 3501)
(1431, 4727)
(539, 1804)
(7647, 8040)
(8313, 9889)
(7311,)
(1261, 3290)
(5021, 8808)
(9637,)
(6929, 9305)
(3398, 7182)
(710, 6721)
(5603, 8860)
(3706, 7731)
(4645, 9957)
(1463,)
(8239, 9626)
(7407, 8834)
(7354, 8928)
(9736,)
(5971, 9362)
(3282, 10018)
(1465, 9065)
(1155, 6601)
(5051, 7716)
(110, 2963)
(6979, 8525)
(843, 7336)
(9033,)
(7236, 9557)
(4950, 10063)
(7035, 9257)
(8300, 8643)
(6240, 10012)
(3833, 6276)
(8742, 9536)
(191, 6331)
(2482, 5191)
(1575, 7584)
(323, 2411)
(5028, 9307)
(4728, 9384)
(487, 8875)
(1144, 8970)
(1124, 4936)
(1470, 4436)
(4326, 7082)
(590, 9051)
(4405, 9693)
(1519, 5235)
(4843, 6027)
(2789, 3314)
(137, 7260)
(588, 906)
(9055, 9470)
(79, 3045)
(1977, 7127)
(5774, 7830)
(8416, 9619)
(6957, 9942)
(5003, 6469)
(5947, 8570)
(3274, 8139)
(2646, 6914)
(1220, 9331)
(7451, 9172)
(573, 1352)
(3260, 6764)
(5031, 5144)
(1169, 7160)
(5801, 7202)
(6688, 7052)
(1600, 5226)
(1023, 3790)
(748, 3248)
(8351, 9176)
(8812, 9153)
(7745, 8270)
(613, 5606)
(4629, 4733)
(3573, 8275)
(1485, 8513)
(2627, 9261)
(567, 2018)
(701, 9595)
(275, 1649)
(411, 4714)
(373, 3493)
(6740, 9844)
(1616, 9919)
(2290,)
(9349,)
(2891, 8435)
(1934, 6808)
(73, 2066)
(5355,)
(4856, 9115)
(799, 6797)
(8898, 9903)
(3526, 7612)
(1263, 9921)
(153, 1321)
(4989, 9708)
(3578, 7312)
(3332, 8996)
(6306, 9286)
(3225, 9817)
(9794,)
(1217, 7217)
(2420, 5977)
(1357, 1678)
(356, 8777)
(3998, 9065)
(2974, 8497)
(5766, 7512)
(4106, 9288)
(7077, 8916)
(8496, 9225)
(5111, 9934)
(7771, 8021)
(562, 6328)
(5659, 9986)
(1316, 5044)
(1239, 5736)
(8158, 9261)
(3858, 8640)
(2973, 8668)
(2887, 3163)
(1989, 9173)
(9402, 9555)
(5705, 9625)
(531, 8373)
(1184, 3077)
(8337, 9885)
(5146, 7497)
(7791, 8777)
(1505, 9771)
(490, 6627)
(3702, 7968)
(2774, 8916)
(9280,)
(8081, 9469)
(458, 1100)
(6313, 9354)
(5514, 9998)
(467, 8553)
(552, 4162)
(87, 535)
(1192, 3750)
(2033, 9561)
(6391, 8030)
(9272, 9588)
(729, 8058)
(4207, 6631)
(7045, 8514)
(832, 6530)
(2480, 7714)
(2823, 9905)
(1622, 9333)
(8445, 8585)
(7572, 9791)
(5525, 8543)
(6895, 7250)
(7008, 8324)
(9831,)
(4869, 8637)
(1269, 4806)
(592,)
(636, 7755)
(2064, 7822)
(729, 8058, 8508)
(9370, 9928)
(6820, 9858, 9977)
(3102, 9956)
(4622,)
(9202,)
(1493, 9684)
(791, 9790)
(2030, 6623)
(7469, 9603)
(8275, 9633)
(2255, 3972)
(5156, 6585)
(3952, 8749)
(1495, 7737)
(4334, 9125)
(514, 9957)
(8427, 9401)
(255, 8113)
(7067, 7423)
(2212, 8531)
(298, 705)
(2903, 4222)
(6022, 9023)
(4373, 9322)
(9739, 10062)
(1924, 6709)
(3267, 7831)
(8688,)
(9597,)
(994, 3200)
(9081, 9797)
(985, 4491)
(9852,)
(2684, 7885)
(7311, 9002)
(1753, 8866)
(940, 2821, 7759)
(3641, 4013)
(1427, 7299)
(1198, 9830)
(4437, 9438)
(4631, 9184)
(3645, 8877)
(4330, 5690)
(6726, 7727, 7729)
(326, 2373, 3572)
(853, 4988)
(7774, 8645)
(4731, 8516)
(1528, 6231)
(2539, 9059)
(2581, 5137)
(318, 4160)
(702, 3502)
(4685, 8449)
(5883, 9880)
(1508, 9826)
(4562, 8887)
(639, 4779)
(2676, 4537)
(4557, 4831)
(529, 7114)
(4118, 7711)
(1209, 5713)
(16, 9538)
(3083, 9678)
(6706, 9656)
(2471, 6397)
(1631, 7233)
(6655, 8872)
(4356, 8970)
(4289, 8505)
(1254,)
(1456, 2388)
(4383, 8544)
(3085, 4993)
(8453, 9773)
(9518,)
(5948, 9368)
(2239, 2843)
(5497, 8214)
(4588, 9161)
(1787, 3703)
(1071, 10052)
(1925, 2184)
(592, 5382)
(918, 8421)
(687, 8902)
(326, 2373, 8523)
(6392, 9312)
(7738, 9846)
(769, 8098)
(2215, 2842)
(1202, 8815)
(8618, 9390)
(568, 9881)
(4857, 7624)
(367, 7639)
(740,)
(3190, 5348)
(2175, 5485)
(341, 7316)
(7709, 10013)
(10053,)
(1922, 6195)
(3162, 3994)
(1529, 5998)
(578, 2190)
(919, 8327)
(1411, 4248)
(2739, 3198)
(5116, 9151)
(1905, 7673)
(8151, 9702)
(6370, 6592)
(715, 9151)
(2245, 4238)
(2925, 5249)
(1412, 1607)
(7304,)
(68, 3055)
(271, 6922)
(4317, 6788)
(3660, 10028)
(939, 3750)
(1786, 1878)
(4257, 10053)
(5970, 8531)
(719, 1417)
(7651, 8263)
(1098, 8474)
(5104, 8948)
(1417, 8582)
(1296, 2660)
(568, 6840)
(8559, 9590)
(4849, 8179)
(803, 4678)
(179, 8840)
(713, 5217)
(2469, 9787)
(3363,)
(2031, 9481)
(1217, 9325)
(7712, 8308)
(1213, 1570)
(8374, 9275)
(5673, 6680)
(552, 5686)
(6035, 7930)
(2194, 8411)
(863, 9777)
(8625, 10072)
(3302, 6183)
(761,)
(845, 4952)
(2980, 9423)
(7763, 9827)
(8024, 10017)
(577, 2829)
(4593, 8310)
(5666, 7093)
(5653, 7846)
(5170, 8222)
(1116, 4984)
(7097, 8880)
(6762, 10060)
(2476, 3905)
(456, 2262)
(304, 8289)
(5371, 9691)
(6682, 7426)
(8267, 8659)
(5350, 5843)
(3364, 4420)
(2662, 8033)
(2574, 8986)
(5236,)
(610, 8976)
(9100, 9815)
(4153, 10051)
(9892, 9931)
(6483, 8306)
(3801, 8068)
(9635, 10048)
(4749, 9945)
(6781, 9518)
(1790, 1898)
(1357, 4713)
(1228, 8094)
(3384,)
(9040, 9988)
(4239, 9717)
(3666, 8948)
(1652, 3152)
(3346, 6200)
(388, 2737)
(864, 3665)
(7888, 10060)
(5459, 7937)
(5666, 8555)
(7516, 8450)
(3874, 5556)
(5165, 9598)
(4847, 8887)
(802, 1719)
(1424, 2587)
(5508, 8127)
(2355, 8894)
(578, 4086)
(1588, 7510)
(872,)
(9136,)
(6910, 9727)
(7903, 8514)
(5469, 8752)
(398, 4406)
(4870, 8749, 9719)
(7078, 8189)
(1821, 4527)
(1698, 9465)
(5671, 9803)
(7720, 9636)
(4720, 8112)
(7140, 9585)
(8380, 9743)
(4166, 7213)
(28,)
(6351, 9182)
(4344, 6287)
(261, 3119)
(2338,)
(4660, 9887)
(2507, 6170)
(5567, 7745)
(5817, 7507)
(342, 7193)
(357, 5536)
(3402, 9637)
(1879, 8546)
(111, 6072)
(7948, 9699)
(8354, 9936)
(1323, 9950)
(1968, 8472)
(9786,)
(9681, 9899)
(248, 5865)
(627, 1023)
(6757,)
(7, 1838)
(9083,)
(319, 5306)
(838, 1861)
(2825, 7959)
(612, 2393)
(8016, 9914)
(1469, 8611)
(4633, 6952)
(1318, 7340)
(98, 8720)
(2907,)
(4937, 9531)
(2732, 4329)
(9059, 10090)
(8473, 9319)
(9139, 9900)
(3657, 9650)
(604, 6742)
(1161, 7442)
(6045, 9418)
(7360, 9903)
(2669, 3527)
(1222, 1651)
(5987, 9219)
(2063,)
(6195, 9778)
(3103, 8637)
(72, 446)
(3777, 9276)
(7923, 8813)
(2744, 9474)
(4317, 6246)
(1283, 2647)
(645, 1846)
(1832, 5688)
(2919, 8135)
(8015, 9554)
(1029, 2017)
(1281, 2789)
(661, 8158)
(5018, 9397)
(1944, 7367)
(159, 8041)
(1015, 1373)
(371, 6011)
(4499,)
(5614, 8594)
(1818, 9692)
(2625, 7318)
(8007, 9772)
(6910, 10082)
(9897,)
(2573, 8753)
(9420, 9712)
(7792, 9688)
(3363, 7254)
(631, 5302)
(1637, 8632)
(2242, 9330)
(7917,)
(7266, 8176)
(3115, 8522)
(316, 5220)
(2928,)
(787, 7629)
(2805, 9709)
(9987,)
(4, 9273)
(8409, 9315)
(1840, 7725)
(33, 1143, 8086)
(7623, 8681)
(1813,)
(1657, 9048)
(3143, 8563)
(6691, 7684)
(6416, 8890)
(2061, 8051)
(177, 6899)
(7540, 9615)
(9132, 9208)
(4323, 8235)
(8345, 8782)
(6295, 9000)
(664, 4276)
(2314, 5605)
(5672, 9862)
(2329, 7825)
(8780, 9478)
(4100,)
(5858, 8854)
(2390, 9607)
(7004, 7949)
(2385, 3250)
(9247,)
(1434, 8237)
(8073, 10086)
(3252, 9806)
(9944, 10047)
(723, 7026)
(5041, 8610)
(35, 8709)
(2566, 4193)
(1156, 5151)
(402, 5249)
(9844,)
(5055, 9363)
(3753, 9771)
(8744, 9642)
(6150, 9276)
(4251, 8967)
(892, 6087)
(9510, 9764)
(1249, 3380)
(4447, 7310)
(8508, 9058)
(74, 4753)
(5915, 8661)
(3599, 8998)
(7878, 8410)
(5923, 9126)
(3532, 10026)
(4828, 6640)
(7781, 8633)
(57, 5999)
(6355, 6642)
(9504,)
(785,)
(3055,)
(582, 5172)
(6346, 9605)
(7657, 8236)
(350, 5441)
(5373, 9269)
(3555, 9001)
(667, 5688)
(328, 5277)
(4533, 7470)
(1062, 5766)
(2682, 7203)
(908, 3311)
(8224, 8928)
(3176, 5384)
(719, 1697)
(2608, 9715)
(1362, 6968)
(1506, 3872)
(1772, 4182)
(5044, 7938)
(1419, 4925)
(4046, 7989)
(2104, 2272)
(1573, 5219)
(5428, 9642)
(3113, 8568)
(6891, 9169)
(2359, 4007)
(2648, 8559)
(69, 6095)
(1443, 10047)
(7070, 9025)
(1750, 2072)
(3829, 7420)
(7609, 8424)
(6921, 9489)
(2902, 9314)
(7948, 9735)
(709, 5177)
(3496, 3599)
(4887, 9956)
(3802, 9233)
(63, 650)
(5884, 9886)
(1112, 6344)
(764, 9500)
(8737, 9137)
(123, 2140)
(6937, 8233)
(9662, 9820)
(5975, 7814)
(605, 5957)
(2758, 8850)
(5874, 7192)
(1312, 1459)
(5399, 8425)
(48, 4797)
(1082, 8810)
(9441,)
(6456, 7926)
(4857, 8426)
(7212, 9181)
(1060, 8130)
(3813, 4729)
(8653, 9596)
(9531,)
(425, 8197)
(4600, 9394)
(5966, 7782)
(9435, 9952)
(4232,)
(7288, 8451)
(978, 7769)
(5480, 6291)
(2996, 8913)
(6376, 8761)
(2567, 8062)
(294, 570)
(1179, 2620)
(4132, 9018)
(7625,)
(4734, 7396)
(142, 7947)
(4321, 6473)
(8943,)
(68, 6030)
(2355, 9251)
(8593, 9581)
(2545, 10001)
(6290, 9812)
(7641, 9890)
(2110, 6771)
(14, 9239)
(921, 6076)
(7830,)
(7602, 8903)
(4929, 8997)
(2770, 6909)
(536, 8497)
(4083, 9145)
(9107,)
(7453, 9613)
(2468, 8222)
(6821, 9763)
(896, 6838)
(3172, 6476)
(2893, 8130)
(1345, 5692)
(4661, 9491)
(1016, 8664)
(9222,)
(5869, 8191)
(6436, 7935)
(5684, 8627)
(2253,)
(2472, 3724)
(2210, 9237)
(2619, 8100)
(8676, 9822)
(2245, 6359)
(428, 2987, 5654)
(1879, 6371)
(2105, 3116)
(1807, 9458)
(375, 3398)
(8442, 9359)
(2489, 7839)
(3495, 4103)
(2020, 5785)
(5852, 7256)
(5001, 8314)
(8979, 8991)
(1337, 8144)
(3700, 8056)
(9757,)
(352, 9672)
(5654, 6432)
(309, 7065)
(1217, 3086)
(2915, 7923)
(418, 10030)
(1753, 2007)
(2102, 10092)
(4751, 9989)
(1560, 2157)
(8105, 8934)
(9116, 9904)
(54, 275)
(4646, 9233)
(8760, 9380)
(158, 4932)
(9165, 9407)
(602, 5545)
(1339, 7205)
(965, 1046)
(1656, 9962)
(6847, 9561)
(1006, 8136)
(2054, 7712)
(4001,)
(5486, 9938)
(2149, 9810)
(4681, 9158)
(2584, 9980)
(2802, 5530)
(6926, 10010)
(813, 8947)
(5712, 9721)
(6806, 8060)
(348, 8147)
(3988, 7584)
(974, 7424)
(3694, 8566)
(7998, 8305)
(5138, 6177)
(8391, 9760)
(6180, 6770)
(276, 7806)
(3303, 7136)
(1658, 4136)
(4196, 5943)
(2712, 8268)
(461, 5113)
(6467, 9057)
(1427, 6095)
(809, 5137)
(2673, 4878)
(3428, 8069)
(1959, 4249)
(8439, 9071)
(771, 7261)
(3503,)
(1019, 9294)
(3663, 4220)
(1531, 6257)
(9778,)
(1010, 8075)
(2339, 6080)
(1795, 6844, 6964)
(2361, 7277)
(3761, 8992)
(6385, 9976)
(7926, 8952)
(802, 6454)
(4660, 9984)
(2387, 6795)
(4529, 5832)
(1481, 1890)
(2344, 2601)
(4736, 9131)
(999, 8959)
(9329, 9467)
(1492, 8780)
(5119, 5558)
(2257, 7547)
(734, 2051)
(2723, 9269)
(664, 2799)
(1870, 2149)
(1649, 4351)
(8408, 9236)
(4538, 10085)
(7166, 9841)
(3989, 5947)
(2020, 5737)
(3078, 9835)
(1640, 3593)
(907, 1509)
(5723, 9363)
(747, 1302)
(768, 7857)
(8576, 10086)
(6517, 8920)
(2575, 5080)
(1090,)
(3088,)
(5209, 9080)
(1925, 4398)
(6854, 7825)
(7536, 9959)
(9218, 9694)
(3374, 8764)
(1621, 5911)
(834, 6296)
(823, 3704)
(8752,)
(1562, 9720)
(1701, 4427)
(9092, 9181)
(1085, 7365)
(1161, 8256)
(9783, 9865)
(5450,)
(7748, 10004)
(3187, 8095)
(794, 4625, 5079)
(6779, 8969)
(9889,)
(1008, 9796)
(5211, 9144)
(2751, 4652)
(7884, 8555)
(1061, 6110)
(3879, 8419)
(5655,)
(7909,)
(2179, 9669)
(666,)
(900, 9225)
(129, 5882)
(127, 6171)
(272, 7893)
(6293, 7245)
(7148, 9389)
(3025, 3700)
(1091, 6482)
(3416, 7714)
(7315, 9579)
(1965, 3307)
(1741, 2471, 5488)
(4164, 7200)
(9301,)
(7334, 8887)
(9556, 10056)
(78,)
(2334, 5845)
(1603, 6204)
(6773, 7629)
(5644, 9506)
(2626, 4637)
(1861, 3537)
(7325, 9805)
(6948, 7637)
(1385, 9376)
(4439, 8127)
(2079, 8215)
(3520, 8598)
(7395,)
(152,)
(9007, 9224)
(2823, 8127)
(305, 8743)
(713, 2322)
(183, 5227)
(1734, 5171)
(6262, 8852)
(6545, 6804)
(1291,)
(1366, 6239)
(1482, 4252)
(2152, 8403)
(9836,)
(2615, 7309)
(8918, 9357)
(7399, 9147)
(8443, 9177)
(677, 813)
(2350, 9504)
(3849, 5458)
(1429, 5607)
(7901, 8262)
(9056, 9627)
(1859, 9826)
(8530, 8722)
(5092, 9238)
(6752, 9392)
(2701,)
(6489, 8573)
(3281, 8968)
(2510, 6488)
(1656, 8098)
(7500, 9616)
(7229, 9456)
(5872, 6378)
(1345, 2554)
(5870, 6078)
(1005, 1945)
(6648, 9371)
(7678, 8445)
(1841, 5301)
(3944, 9500)
(1959, 8575)
(1428, 1476)
(1574, 5454)
(2976, 9114)
(2857, 4431)
(2173, 8660)
(3292, 4004)
(2668, 8550)
(9412,)
(968, 2153)
(2734, 9935)
(872, 1197)
(25, 9454)
(4308, 10025)
(8262, 9769)
(4784, 9310)
(9502,)
(2972, 4654)
(7264, 8100)
(9018, 9449)
(8562, 8684)
(7059, 10077)
(7974, 9046)
(482, 10027)
(2801, 8641)
(461, 1295)
(577, 8389)
(7430, 7928)
(7997, 9665)
(469, 6880)
(6171, 7221)
(6593, 8987)
(2254, 5033)
(4935, 8332)
(7253, 9661)
(4732, 9652)
(6334, 9637)
(449, 2375)
(2875, 7142)
(2500, 10070)
(2780, 3001)
(9860, 9982)
(4864, 5036)
(1498, 4395)
(402, 7415)
(6126, 9488)
(5390, 9566)
(2677, 2881)
(4138, 8949)
(2032, 3012)
(1354, 9479)
(8539, 8652)
(497, 3393)
(1233, 6070)
(9631, 9924)
(6795, 6848)
(1489, 9459)
(188, 759)
(7047, 7915)
(5911, 7093)
(3029, 9331)
(1489, 2725)
(1134, 9136)
(4274, 8317)
(582, 6309)
(3498, 8259)
(4639, 8855)
(168, 10026)
(1361, 7203)
(3487, 10026)
(1232, 3633)
(903, 9380)
(8774, 9630)
(1440, 5968)
(6521, 7326)
(5247, 8850)
(2056, 7945)
(4391, 9456)
(7109, 8853)
(7427, 9638)
(5457, 6961)
(5526, 7023)
(3960, 6261)
(1191, 7363)
(2206, 9773)
(1191, 2953)
