(2122, 7991, 9747)
(1278, 6859, 8478)
(1048, 1685, 7754)
(3305, 5414, 8953)
(4322, 7768, 8273)
(497, 1135, 3393)
(2215, 2842, 4465)
(4642, 6387, 9484)
(57, 5999, 8021)
(2245, 4238, 6224)
(5057, 5734, 6082)
(1620, 2784, 3454)
(4900, 6448, 7236)
(3643, 7432, 8373)
(2187, 5649, 8329)
(35, 5256, 8900)
(3138, 3648, 6250)
(212, 525, 3193)
(455, 757, 6378)
(3150, 8289, 8939)
(25, 2822, 7822)
(6265, 6814, 8068)
(3318, 3441, 5781)
(1959, 6883, 8575)
(918, 1908, 5703)
(1947, 8819, 9079)
(1028, 5409, 9579)
(3459, 3484, 4232)
(482, 5316, 6587)
(189, 694, 3576)
(3463, 6624, 7353)
(6810, 8387, 8715)
(1753, 2007, 5365)
(3136, 5011, 6390)
(5785, 6325, 7455)
(2910, 4930, 5755)
(2265, 5664, 8778)
(5781, 8209, 8465)
(5350, 5843, 6061)
(211, 2979, 5269)
(1916, 6376, 7325)
(2836, 5237, 7463)
(114, 2263, 6599)
(2633, 4116, 4630)
(7370, 7594, 8494)
(2437, 7343, 7643)
(4641, 5430, 7775)
(3964, 6643, 7350)
(1652, 3984, 5029)
(2024, 3798, 9195)
(2207, 8348, 9275)
(1657, 8464, 9048)
(2342, 3532, 10026)
(3216, 7878, 8486)
(1015, 1666, 5511)
(1051, 4038, 5344)
(2581, 3416, 4102)
(7389, 7597, 8302)
(1001, 9515, 9521)
(604, 3560, 6742)
(3370, 5097, 6141)
(2191, 3978, 5883)
(5813, 5835, 5923)
(466, 7287, 7329)
(1739, 2787, 8129)
(3761, 4543, 8992)
(249, 7168, 7613)
(2631, 4164, 5917)
(1591, 3473, 4625)
(676, 2107, 5307)
(1387, 6260, 8896)
(1917, 4775, 7591)
(2273, 2350, 7594)
(1332, 2249, 4341)
(3401, 6868, 8120)
(2257, 7547, 7657)
(5646, 8196, 8946)
(4399, 5701, 8542)
(679, 2386, 4129)
(3873, 5178, 7064)
(692, 3616, 9809)
(1294, 1799, 6515)
(5852, 7578, 7679)
(3228, 4410, 7383)
(6581, 7402, 9052)
(2186, 4054, 4147)
(1156, 4809, 5151)
(2666, 3220, 7287)
(2467, 3218, 8934)
(5687, 5957, 7024)
(1040, 8919, 9920)
(4154, 4445, 8255)
(3042, 3653, 6038)
(2958, 4638, 6170)
(2412, 4679, 7515)
(4207, 6631, 6727)
(4165, 5418, 7564)
(1841, 5301, 7352)
(3278, 6624, 7949)
(1665, 5230, 7399)
(592, 3564, 3928)
(3031, 4142, 5680)
(1692, 5684, 7735)
(2301, 2335, 4033)
(1735, 5742, 6928)
(5007, 7840, 8995)
(3764, 6037, 8600)
(3929, 6472, 6717)
(2462, 3483, 6724)
(3303, 4333, 6011)
(569, 3731, 4534)
(1199, 2597, 6035)
(3375, 5674, 6097)
(941, 5335, 8419)
(791, 8901, 9212)
(5285, 7204, 7904)
(3611, 3942, 5199)
(600, 3072, 5730)
(3008, 5702, 5756)
(1784, 5151, 6657)
(2141, 3929, 5272)
(991, 6987, 8539)
(735, 7515, 8148)
(2611, 4655, 6012)
(3969, 4586, 7496)
(3189, 3599, 8604)
(2215, 2536, 2842)
(5634, 6536, 7697)
(1578, 2231, 5195)
(6029, 6084, 7971)
(1959, 3818, 6883)
(360, 3884, 5048)
(4196, 5943, 8281)
(711, 1921, 5865)
(131, 1953, 7491)
(19, 2720, 3955)
(4234, 5428, 9226)
(1703, 2423, 7435)
(1199, 2956, 7857)
(3431, 8010, 8177)
(5529, 6785, 8532)
(823, 2152, 2696)
(3567, 5653, 7957)
(853, 1648, 2080)
(2648, 7747, 8559)
(553, 4633, 6156)
(3119, 5446, 6106)
(9059, 9433, 9987)
(1933, 4709, 6469)
(579, 1607, 4786)
(2246, 5016, 6925)
(2951, 4742, 7788)
(2062, 7391, 9799)
(3947, 6972, 7534)
(3541, 7526, 9218)
(540, 5950, 6376)
(4918, 5131, 7271)
(2727, 3504, 5879)
(1109, 2000, 6707)
(743, 6791, 7864)
(3544, 4206, 6574)
(416, 6414, 7162)
(529, 2845, 5640)
(196, 2524, 7790)
(8192, 8718, 8797)
(3061, 4860, 6326)
(2018, 3403, 4382)
(891, 2085, 6630)
(2800, 7233, 8175)
(3360, 4761, 5644)
(238, 6165, 7580)
(387, 4305, 5099)
(399, 1655, 6219)
(2747, 3384, 3659)
(1877, 5339, 6098)
(4673, 5595, 6190)
(1357, 2744, 4713)
(3196, 4072, 5726)
(3465, 3885, 6087)
(3865, 4361, 7681)
(2323, 5418, 7224)
(376, 5697, 5843)
(3189, 3496, 6134)
(3093, 7231, 8679)
(4138, 4644, 8949)
(3103, 4740, 6988)
(2818, 5135, 7809)
(4032, 5294, 7057)
(5216, 5315, 6555)
(315, 6889, 8201)
(3693, 6236, 7814)
(2388, 3030, 3618)
(2365, 7306, 8528)
(4118, 7711, 8024)
(2319, 3654, 3728)
(441, 737, 818)
(1010, 4451, 7574)
(2085, 3691, 4666)
(162, 3263, 4648)
(3917, 4805, 7039)
(4696, 5206, 6647)
(1080, 7345, 10016)
(2190, 4310, 4873)
(2209, 5036, 5550)
(4735, 5376, 8006)
(1381, 1731, 7200)
(1565, 5618, 7126)
(4466, 6521, 7326)
(1475, 6152, 8293)
(4544, 4613, 5003)
(2275, 3729, 5601)
(1191, 2953, 7363)
(2004, 3235, 8705)
(744, 4807, 7774)
(788, 2825, 5698)
(2375, 7270, 7754)
(623, 3741, 4539)
(4068, 4696, 6524)
(3529, 5313, 5520)
(5028, 7728, 9307)
(2692, 4821, 5296)
(2418, 3472, 5262)
(331, 5746, 7125)
(2697, 3471, 3551)
(810, 3741, 8438)
(238, 854, 1585)
(2835, 4153, 7152)
(2324, 2691, 6992)
(1596, 1832, 5688)
(3323, 5100, 5227)
(4498, 8195, 8668)
(1398, 7197, 8404)
(4532, 4930, 5033)
(2387, 3045, 6795)
(5909, 6399, 8155)
(3678, 3758, 5969)
(3674, 5112, 7964)
(3580, 6562, 7024)
(5233, 9103, 9695)
(1001, 4314, 7627)
(5580, 6211, 6622)
(2967, 4457, 7746)
(4960, 6351, 8667)
(3708, 8475, 8486)
(347, 930, 4664)
(5054, 7693, 8682)
(2318, 3129, 4901)
(8083, 8203, 9293)
(4134, 4461, 5777)
(4508, 5123, 9019)
(4248, 7989, 8116)
(5574, 6501, 7979)
(1237, 3007, 4550)
(2747, 7050, 8693)
(6435, 7198, 7375)
(6054, 6256, 8587)
(4864, 5036, 7143)
(4190, 7100, 9146)
(3240, 3478, 4893)
(2325, 4387, 4990)
(621, 3762, 5305)
(1392, 6537, 6716)
(4530, 7371, 7572)
(252, 5030, 7166)
(1980, 3642, 8082)
(6085, 7011, 8807)
(638, 5078, 5850)
(3109, 4551, 6751)
(2577, 7431, 7767)
(292, 4424, 7030)
(3159, 3385, 8715)
(2038, 5179, 5568)
(810, 7653, 8438)
(3251, 7320, 7993)
(925, 4320, 5153)
(2426, 4145, 8363)
(5329, 6124, 6339)
(817, 8833, 8904)
(1121, 6505, 10078)
(1167, 1713, 4535)
(1095, 5547, 5983)
(3232, 5082, 7223)
(712, 3281, 8994)
(3125, 3923, 6244)
(2614, 6018, 6349)
(619, 2419, 6406)
(4044, 6500, 7537)
(4782, 7540, 8933)
(6079, 9288, 9289)
(1897, 5326, 7347)
(2811, 4552, 6866)
(1585, 7032, 8374)
(1818, 4846, 7140)
(4389, 6455, 9321)
(3456, 4700, 7147)
(4820, 5994, 7670)
(3147, 8967, 9074)
(3402, 6206, 9637)
(1401, 4420, 7560)
(1138, 4490, 7812)
(1247, 6337, 7229)
(2235, 4367, 5103)
(131, 1953, 6705)
(3009, 6104, 7661)
(1029, 2017, 4408)
(950, 1349, 3669)
(6530, 8265, 9235)
(1827, 3157, 7751)
(1493, 1721, 7397)
(603, 1224, 8436)
(4906, 6309, 6924)
(3844, 7668, 8098)
(423, 773, 7196)
(227, 1594, 5980)
(6503, 6948, 7637)
(6036, 7334, 7461)
(1068, 4955, 6909)
(1668, 4486, 5758)
(850, 2149, 7768)
(203, 7593, 9278)
(6278, 6534, 8819)
(1010, 7574, 8075)
(6656, 6888, 9036)
(2955, 5311, 5482)
(216, 1199, 6035)
(1123, 1227, 7298)
(1020, 2282, 3841)
(5519, 6612, 8255)
(3413, 5451, 7218)
(90, 5211, 6459)
(1081, 5119, 5558)
(2326, 3956, 5496)
(4003, 6545, 6621)
(24, 436, 6410)
(4431, 7018, 8062)
(4422, 4437, 5908)
(111, 474, 4598)
(1766, 2448, 3221)
(335, 3972, 4079)
(3776, 5897, 6484)
(1802, 2453, 5586)
(2801, 4830, 8186)
(3633, 4105, 4537)
(2314, 5605, 7812)
(67, 4823, 7841)
(3589, 4606, 6337)
(947, 2292, 7175)
(1076, 3488, 3810)
(2822, 5763, 7240)
(21, 2556, 2660)
(1282, 7674, 7682)
(2245, 6429, 7521)
(224, 2171, 8402)
(2681, 6298, 6799)
(3364, 6196, 7025)
(1213, 1570, 7505)
(7676, 8918, 9357)
(3755, 4981, 6368)
(3219, 5776, 9104)
(1859, 4650, 6525)
(4964, 7649, 9657)
(1901, 7003, 9278)
(5007, 5160, 7527)
(961, 3563, 8234)
(3054, 5657, 6219)
(3963, 6415, 7806)
(764, 942, 6582)
(996, 5207, 8415)
(4886, 5215, 6614)
(2310, 4303, 7635)
(6531, 6713, 6834)
(1790, 1898, 6811)
(2691, 5211, 9144)
(1366, 5610, 6239)
(4894, 4907, 8612)
(2510, 6254, 6488)
(2112, 5972, 6648)
(5095, 7836, 10045)
(4615, 6911, 7757)
(1920, 2575, 8567)
(1161, 5686, 7442)
(2521, 3924, 5266)
(3409, 4720, 5699)
(4207, 4756, 6631)
(82, 2345, 4851)
(6206, 6334, 8307)
(6433, 6892, 7872)
(3674, 5849, 8490)
(4029, 6108, 7129)
(538, 1520, 8591)
(1662, 1697, 5592)
(2072, 3120, 6725)
(5899, 6293, 7245)
(2200, 6751, 7722)
(4137, 5737, 7563)
(5753, 7106, 7877)
(2894, 4480, 7776)
(2679, 3032, 3121)
(3146, 3578, 4534)
(2352, 4676, 4683)
(2757, 5066, 5270)
(1284, 2734, 3243)
(2008, 5448, 5887)
(2765, 7125, 7220)
(2581, 5061, 5137)
(3529, 5313, 5935)
(16, 933, 8230)
(1634, 4415, 8002)
(161, 2382, 6730)
(475, 4521, 4624)
(976, 4359, 5854)
(6351, 7502, 9182)
(3813, 7135, 8503)
(2182, 7238, 8577)
(576, 4794, 8227)
(1966, 3194, 9786)
(7642, 7840, 8038)
(5124, 8111, 9771)
(827, 7038, 9129)
(4554, 6447, 8174)
(1012, 1194, 7464)
(819, 5336, 9412)
(4449, 5167, 7308)
(1057, 7781, 8633)
(5684, 6673, 8627)
(3889, 3994, 5172)
(1557, 6704, 8576)
(2333, 6348, 7111)
(1670, 6906, 8982)
(440, 6377, 8635)
(368, 4909, 4947)
(242, 505, 9706)
(3048, 5017, 8786)
(2711, 5936, 7267)
(5201, 6419, 7881)
(532, 2719, 4134)
(4163, 9093, 9419)
(3167, 5284, 7839)
(6251, 6820, 7080)
(6298, 6799, 7895)
(1586, 1780, 5941)
(944, 2347, 6959)
(3069, 3485, 4747)
(2152, 2696, 9004)
(649, 4812, 4945)
(807, 2389, 8986)
(1674, 4996, 5494)
(4895, 4989, 9251)
(5008, 7490, 9559)
(1284, 2538, 3968)
(3766, 3958, 9368)
(2902, 5255, 7656)
(772, 3494, 8805)
(2484, 4749, 8017)
(403, 2205, 4224)
(5203, 7009, 9311)
(1290, 2457, 8075)
(6977, 7298, 7490)
(6227, 7447, 7738)
(3876, 7141, 7478)
(836, 3233, 6627)
(2310, 3091, 7456)
(1425, 1625, 8172)
(2210, 5353, 5827)
(119, 5850, 7951)
(7001, 8231, 8595)
(1389, 2678, 7755)
(1903, 4271, 4385)
(5011, 6608, 7247)
(5889, 6091, 6093)
(1792, 6731, 7783)
(1114, 1653, 4206)
(318, 4160, 8297)
(285, 6839, 7747)
(5200, 6546, 6873)
(1375, 4905, 8481)
(488, 6000, 7410)
(2700, 2728, 6728)
(2108, 5122, 8996)
(5466, 6308, 6332)
(3627, 5466, 6332)
(2713, 3332, 5006)
(2797, 8063, 8091)
(5677, 9593, 9797)
(549, 846, 6444)
(456, 1929, 5876)
(1010, 3973, 8075)
(5485, 6394, 6962)
(3004, 4948, 5711)
(4595, 5439, 5640)
(1293, 2873, 4366)
(2154, 3301, 4049)
(276, 6480, 7806)
(3547, 3583, 3676)
(1029, 2271, 8935)
(5653, 6439, 6741)
(1346, 1871, 3137)
(3075, 6525, 8740)
(2525, 7893, 8676)
(5406, 5860, 7191)
(5852, 7256, 7679)
(2810, 7999, 9244)
(3730, 5185, 7205)
(6142, 6489, 8573)
(3556, 4527, 6310)
(5135, 5888, 6457)
(6450, 7585, 8701)
(441, 523, 6716)
(4943, 6241, 9410)
(3940, 6229, 6781)
(4450, 7191, 8898)
(5327, 5930, 7317)
(3093, 4141, 8679)
(1656, 5823, 8098)
(3509, 3782, 8000)
(3186, 6045, 9221)
(1821, 6039, 6310)
(4889, 5633, 7351)
(3074, 4557, 6137)
(2810, 2886, 5965)
(119, 3853, 5850)
(3126, 5469, 5738)
(824, 2632, 5293)
(3305, 4350, 8205)
(2739, 3198, 4589)
(3171, 5614, 6095)
(2999, 3373, 5476)
(2961, 4688, 7690)
(3061, 3245, 8318)
(2083, 2111, 4040)
(2500, 2658, 3849)
(3919, 7274, 7297)
(3335, 5896, 8178)
(1097, 2270, 7282)
(3897, 5099, 7460)
(1665, 5230, 6092)
(5768, 8160, 8683)
(547, 7184, 9079)
(4551, 7436, 8286)
(5070, 6626, 7582)
(4374, 4601, 5525)
(1364, 4826, 9022)
(2509, 8507, 9116)
(1555, 3646, 7219)
(361, 3233, 8906)
(1343, 1745, 2115)
(5385, 6024, 7526)
(4776, 7191, 9749)
(182, 4159, 9087)
(1573, 4920, 6850)
(824, 5234, 8208)
(1490, 4362, 7541)
(1441, 2059, 3914)
(1770, 1921, 4768)
(2034, 5139, 6573)
(1965, 2859, 3307)
(4610, 5771, 7972)
(5423, 7167, 9118)
(619, 5778, 6406)
(1657, 6761, 9048)
(2949, 3673, 6432)
(2308, 3420, 9641)
(2702, 3274, 8283)
(5700, 6103, 8317)
(3226, 7235, 7437)
(4898, 7655, 8185)
(1808, 4164, 5552)
(2409, 3668, 4804)
(1839, 2656, 5939)
(1802, 2453, 4883)
(5056, 7967, 8298)
(10, 6053, 9226)
(5976, 8267, 8659)
(5, 6363, 6843)
(1994, 2934, 3980)
(2486, 3897, 4573)
(2429, 5832, 6628)
(1618, 8430, 8680)
(4073, 4852, 8924)
(281, 2053, 2401)
(5890, 6266, 7535)
(5933, 6448, 7236)
(761, 1819, 7286)
(142, 5886, 7947)
(2497, 6021, 8109)
(2018, 3313, 3403)
(1398, 2851, 6949)
(2278, 3296, 6978)
(300, 2864, 6533)
(2020, 4211, 6083)
(5221, 6577, 6606)
(557, 666, 669)
(505, 5593, 9923)
(4125, 5920, 6246)
(3303, 7136, 7267)
(2685, 5724, 8306)
(4783, 5310, 6662)
(41, 4476, 6792)
(1267, 4074, 8218)
(2931, 6451, 8146)
(139, 6921, 7998)
(342, 2945, 7193)
(5307, 5476, 6652)
(1497, 3007, 5688)
(2110, 3070, 6129)
(1539, 3135, 8483)
(2259, 5235, 8365)
(5971, 9362, 9825)
(4656, 4969, 5979)
(821, 3562, 6259)
(35, 2452, 7603)
(2290, 3472, 4483)
(3841, 4835, 4973)
(1240, 2522, 5472)
(3322, 7647, 8040)
(666, 3300, 7486)
(794, 4154, 4625)
(2656, 2783, 3063)
(6202, 7160, 8182)
(3069, 5573, 8604)
(2513, 2815, 4921)
(657, 3547, 3626)
(4237, 5003, 6764)
(1834, 3454, 7914)
(2378, 3904, 8839)
(965, 1248, 8703)
(418, 4575, 8711)
(6831, 9292, 9553)
(5614, 8372, 8594)
(977, 5805, 8640)
(219, 3252, 3559)
(2156, 5447, 6675)
(1587, 2232, 7341)
(4081, 7334, 7376)
(1918, 2545, 8605)
(939, 2492, 3750)
(2539, 9059, 10090)
(462, 2337, 3962)
(1824, 3474, 4404)
(1369, 4790, 6644)
(3112, 4300, 5223)
(2622, 3053, 8313)
(3949, 4377, 6523)
(1349, 2365, 7306)
(3026, 7040, 7650)
(4898, 5390, 8644)
(3245, 6100, 7445)
(1763, 3525, 8045)
(5519, 5712, 8184)
(2460, 5000, 8589)
(2304, 2924, 4048)
(1553, 3253, 4213)
(4675, 5808, 6343)
(3750, 4199, 4875)
(314, 3615, 5572)
(1667, 6720, 9823)
(2325, 4346, 4387)
(4123, 6876, 7134)
(4273, 5890, 6266)
(849, 899, 8628)
(2077, 2154, 3625)
(2370, 3256, 7106)
(1466, 4352, 8804)
(5539, 5921, 7072)
(2516, 2682, 5691)
(3974, 3977, 7061)
(479, 887, 3717)
(1610, 7170, 8402)
(1168, 1277, 4336)
(380, 477, 5308)
(4105, 4511, 6881)
(76, 4194, 5243)
(1809, 3455, 8999)
(3401, 4991, 6868)
(2559, 7157, 8094)
(4044, 5987, 7537)
(1442, 3969, 5363)
(5381, 5440, 6374)
(4026, 5577, 7853)
(1662, 1697, 7144)
(2813, 3664, 6789)
(1472, 3937, 7898)
(2632, 7576, 7676)
(2498, 4911, 9110)
(4880, 5990, 7859)
(1893, 2104, 8477)
(3455, 3739, 8814)
(856, 5108, 5584)
(3134, 6358, 6454)
(3055, 3617, 5752)
(2581, 6252, 6461)
(4443, 6360, 6412)
(228, 1211, 6483)
(3740, 3985, 5954)
(1355, 4674, 9007)
(2598, 5500, 7590)
(373, 3493, 5929)
(1256, 5613, 7572)
(2283, 3098, 5488)
(4306, 6467, 6610)
(424, 5548, 9128)
(1053, 1574, 2761)
(5692, 6781, 9518)
(3048, 7677, 8320)
(2944, 5748, 6637)
(3984, 5798, 7054)
(4647, 6226, 7894)
(1891, 4768, 4769)
(2184, 3143, 8563)
(380, 477, 5836)
(772, 2939, 5715)
(1585, 7580, 8374)
(1049, 1089, 2874)
(7708, 7891, 8489)
(2703, 3348, 7259)
(4849, 5511, 8179)
(3684, 4708, 7465)
(3769, 4241, 8701)
(155, 1427, 6095)
(2309, 5801, 5819)
(620, 3527, 4881)
(80, 4603, 6107)
(288, 1550, 4002)
(4344, 5992, 8113)
(1177, 2405, 2863)
(4799, 4844, 5369)
(5839, 6418, 8398)
(1805, 8473, 9319)
(3619, 4484, 5229)
(1338, 2845, 5483)
(157, 6702, 8609)
(2188, 2909, 7183)
(1817, 5053, 8712)
(263, 1043, 4475)
(5272, 5751, 7043)
(5001, 6944, 7296)
(3097, 4076, 7278)
(1857, 6543, 8326)
(103, 4588, 9014)
(5031, 5144, 5433)
(3833, 4971, 8421)
(6056, 6750, 7726)
(420, 1565, 2176)
(2291, 6416, 8890)
(957, 6518, 9081)
(3271, 4727, 6289)
(6101, 7284, 7599)
(977, 3858, 8640)
(523, 737, 6465)
(1689, 8347, 9497)
(1660, 4852, 5528)
(5411, 6336, 7881)
(2969, 3953, 8221)
(572, 4484, 6766)
(894, 4966, 8427)
(3164, 4483, 8641)
(894, 5708, 6427)
(6395, 7913, 8939)
(3338, 3848, 5174)
(305, 3220, 4905)
(485, 2736, 5427)
(3165, 3432, 5998)
(2349, 5783, 6204)
(1269, 3651, 4806)
(1163, 2889, 3013)
(1343, 2083, 3383)
(3052, 6818, 8301)
(5414, 8585, 8953)
(2213, 7589, 8807)
(5058, 7545, 8370)
(4062, 5416, 7446)
(1878, 3315, 5790)
(486, 3125, 7482)
(779, 2202, 8805)
(4127, 6413, 7560)
(4298, 4949, 7408)
(2296, 2673, 3175)
(1621, 5911, 7969)
(5, 1270, 6506)
(1140, 6446, 7279)
(4069, 4763, 7359)
(3071, 6264, 6543)
(8, 485, 1966)
(3976, 4793, 6551)
(756, 1075, 6579)
(6294, 6743, 7248)
(3181, 7701, 9211)
(880, 965, 1037)
(1352, 5089, 7864)
(3040, 3935, 7465)
(1675, 2130, 6830)
(3255, 5325, 5384)
(2281, 8294, 8903)
(4076, 7981, 8091)
(820, 1025, 8049)
(1925, 2184, 6423)
(2595, 4262, 6167)
(5925, 5998, 7102)
(947, 2292, 2716)
(378, 2050, 2311)
(869, 4831, 7931)
(3138, 4705, 6775)
(3411, 6503, 8802)
(1367, 4664, 8710)
(3520, 3976, 8598)
(1442, 1996, 4846)
(594, 6967, 8425)
(274, 4555, 5471)
(3332, 7068, 8996)
(1475, 1582, 4538)
(5221, 5776, 6618)
(4732, 6874, 9652)
(1460, 3170, 5730)
(7090, 7578, 8493)
(2862, 2903, 4222)
(3177, 3327, 8584)
(1630, 6583, 8845)
(5543, 7556, 9149)
(2499, 4454, 4654)
(3434, 4560, 7798)
(1039, 2586, 3783)
(5829, 6329, 6561)
(830, 3114, 5119)
(1677, 4005, 9030)
(3151, 6400, 6916)
(5118, 8512, 9449)
(4183, 5220, 6090)
(1271, 1310, 5841)
(2476, 3523, 3905)
(4903, 5084, 7177)
(2732, 6141, 8586)
(4974, 5540, 5648)
(4074, 8605, 10001)
(2530, 8073, 10086)
(1519, 5871, 8592)
(1029, 2017, 5195)
(1150, 2538, 4045)
(743, 5620, 6791)
(465, 4832, 5217)
(4648, 5412, 7467)
(1440, 5968, 8823)
(2985, 5506, 8350)
(8783, 9729, 9737)
(107, 1100, 7067)
(1751, 7227, 7390)
(2626, 2640, 5800)
(3319, 4706, 6446)
(1051, 2100, 3353)
(3024, 4236, 7508)
(1286, 6731, 8156)
(1050, 2357, 8771)
(3206, 3439, 9109)
(2715, 2752, 6087)
(1054, 2293, 5509)
(2607, 3046, 7801)
(1723, 2913, 4077)
(1968, 5639, 7686)
(30, 4607, 5194)
(1695, 1924, 7081)
(2758, 4405, 8007)
(3177, 3441, 8726)
(4536, 7257, 8467)
(3259, 4437, 7169)
(4094, 4380, 5298)
(2577, 3251, 5232)
(1483, 3868, 6603)
(1036, 1243, 1792)
(445, 5065, 6257)
(1904, 6855, 7037)
(7748, 9241, 10004)
(1052, 2074, 5946)
(827, 4030, 7633)
(4520, 5974, 6728)
(1254, 3634, 7472)
(187, 4149, 6836)
(2803, 3732, 4671)
(3314, 6208, 8388)
(3720, 4995, 5791)
(2431, 3997, 7393)
(4473, 7271, 7535)
(3762, 6429, 7521)
(2950, 6884, 7215)
(3350, 4448, 4874)
(4593, 5632, 7648)
(1709, 3812, 8176)
(2834, 5042, 7263)
(852, 3973, 4616)
(1256, 3506, 3863)
(3051, 4051, 6729)
(3960, 5984, 6261)
(1007, 2023, 9139)
(5646, 5655, 8519)
(2517, 5170, 8222)
(116, 1374, 4210)
(1403, 2888, 6343)
(4193, 6575, 7222)
(1446, 4436, 8385)
(931, 2402, 2756)
(3, 1931, 7362)
(388, 2737, 4438)
(3103, 4292, 8085)
(3723, 4976, 6864)
(6565, 7199, 7802)
(4098, 5486, 6957)
(13, 473, 1932)
(4932, 5190, 7652)
(2512, 3668, 8628)
(2899, 7820, 8350)
(1391, 8192, 8718)
(1097, 1923, 4119)
(1042, 4156, 4924)
(6294, 7248, 7552)
(2751, 3070, 3956)
(2714, 5901, 8287)
(267, 7804, 8106)
(6453, 7184, 7252)
(2357, 4561, 8542)
(4022, 4077, 9250)
(2098, 3315, 5815)
(2833, 4655, 6323)
(1376, 5847, 9216)
(940, 2165, 7795)
(414, 2684, 7885)
(1345, 3854, 5692)
(3831, 8671, 8982)
(757, 6024, 7526)
(5041, 5575, 5717)
(6182, 8511, 8898)
(1952, 6731, 8896)
(5626, 6410, 6604)
(490, 6273, 6627)
(176, 1767, 6194)
(323, 2411, 4346)
(953, 5562, 8731)
(3855, 5475, 5536)
(1619, 2595, 6140)
(2844, 6126, 6456)
(2886, 7270, 8412)
(3990, 5167, 8498)
(974, 5933, 7424)
(1806, 2674, 5993)
(2211, 4828, 6968)
(813, 1448, 6461)
(2197, 3115, 6476)
(3655, 4887, 8485)
(1681, 4344, 7905)
(5931, 6137, 7931)
(8336, 8406, 9978)
(1441, 3914, 5925)
(2037, 2375, 7852)
(1076, 3810, 5432)
(4862, 5211, 9144)
(2915, 4685, 7923)
(232, 1184, 5177)
(3477, 5154, 7044)
(3204, 4649, 8217)
(1744, 5760, 6390)
(2352, 2735, 4683)
(1936, 4347, 8105)
(216, 1199, 7857)
(763, 4059, 5940)
(4199, 6062, 6094)
(2913, 5317, 6210)
(1351, 2262, 6824)
(698, 2962, 6656)
(6171, 7890, 8252)
(1798, 3017, 6022)
(2533, 7060, 7518)
(4338, 8330, 9045)
(3759, 6280, 7403)
(135, 3211, 5771)
(3712, 4004, 8721)
(3881, 7479, 8102)
(1800, 5648, 8053)
(2944, 4666, 7863)
(1964, 4822, 5117)
(1783, 7310, 7555)
(748, 4848, 7302)
(1531, 2687, 6257)
(6248, 7021, 7388)
(4495, 5059, 7659)
(126, 4556, 5047)
(1507, 2155, 2823)
(2040, 6219, 7620)
(3, 2473, 8601)
(866, 1313, 7243)
(4081, 4847, 8838)
(7737, 8471, 8496)
(801, 6433, 8571)
(298, 705, 3798)
(5668, 6236, 9044)
(2127, 5091, 6983)
(477, 2163, 4066)
(5026, 6325, 6607)
(670, 6885, 10080)
(303, 720, 5603)
(1262, 6912, 8398)
(4099, 6644, 7357)
(1316, 5437, 7513)
(2730, 5249, 6441)
(3236, 3661, 4017)
(369, 6110, 6913)
(1979, 4163, 5617)
(880, 8243, 8553)
(1533, 6130, 9851)
(2813, 3205, 6789)
(801, 4973, 6433)
(1238, 4132, 9018)
(4491, 6370, 7065)
(2701, 4025, 4239)
(1214, 3645, 8877)
(1178, 2010, 8068)
(8, 5095, 6715)
(2849, 3628, 8157)
(4283, 4476, 8173)
(416, 1668, 7162)
(2125, 4628, 5827)
(2308, 3610, 5342)
(4522, 6730, 7953)
(2236, 2508, 3705)
(3481, 7776, 9358)
(2305, 3757, 7331)
(428, 3780, 5654)
(2536, 2842, 3677)
(1038, 2820, 9084)
(2991, 3409, 8795)
(345, 1428, 1476)
(5300, 6754, 6853)
(4706, 8151, 9622)
(1405, 4870, 6288)
(1444, 1857, 8169)
(1579, 4259, 7392)
(240, 3330, 7175)
(2589, 3000, 4743)
(7415, 8079, 8200)
(3531, 5165, 7869)
(5057, 5584, 6082)
(961, 2859, 8121)
(5189, 6505, 7208)
(3535, 4001, 6475)
(3161, 3261, 9125)
(5235, 6220, 7000)
(55, 450, 1214)
(4302, 4517, 9587)
(3859, 7793, 7907)
(3350, 4874, 5590)
(676, 738, 2107)
(2329, 6550, 7825)
(2276, 5203, 5815)
(5107, 5351, 8901)
(4168, 5496, 7226)
(857, 6887, 8570)
(4334, 6891, 7292)
(1087, 6425, 7688)
(3307, 4607, 7149)
(1963, 2381, 6135)
(1615, 6493, 6546)
(5891, 6458, 9149)
(5251, 5386, 7014)
(4936, 5297, 6424)
(1699, 2411, 8104)
(45, 1885, 4794)
(754, 4560, 5470)
(1022, 4370, 9205)
(2152, 3100, 8403)
(273, 1849, 4252)
(3169, 3352, 5542)
(3877, 4050, 5224)
(1505, 3679, 7446)
(2489, 5284, 8181)
(4034, 4467, 4950)
(2464, 6198, 7819)
(1410, 2740, 8565)
(1884, 3489, 3855)
(4272, 4990, 7340)
(1988, 2590, 8414)
(2490, 3195, 6685)
(2729, 6741, 7846)
(1705, 5719, 7575)
(319, 6927, 8401)
(4425, 8132, 9791)
(2157, 4678, 4975)
(3149, 5419, 7335)
(3060, 4821, 5709)
(3998, 6547, 7234)
(6295, 7493, 8580)
(296, 3266, 3595)
(726, 1676, 4365)
(3038, 3733, 4331)
(364, 3337, 5069)
(772, 3917, 5328)
(2840, 2925, 8200)
(7058, 8372, 8594)
(246, 5252, 9858)
(643, 4805, 5422)
(5337, 6620, 8231)
(594, 7230, 9148)
(3626, 3646, 5429)
(449, 5366, 8278)
(2639, 5354, 5722)
(6185, 7381, 9115)
(7, 1838, 7782)
(132, 3897, 6510)
(759, 4923, 8428)
(5829, 6068, 6780)
(2599, 6319, 8781)
(2627, 6482, 7231)
(5196, 5330, 7325)
(3358, 6048, 6795)
(5543, 6235, 6458)
(2516, 5500, 8602)
(3460, 4664, 7053)
(4998, 5740, 7638)
(978, 3738, 7769)
(3304, 7926, 8193)
(3657, 6481, 9650)
(1428, 1476, 7105)
(558, 4842, 7826)
(4043, 6181, 7777)
(6275, 7705, 8149)
(1369, 3895, 7357)
(627, 3790, 6455)
(3019, 5407, 7233)
(5800, 9937, 9943)
(976, 2788, 5854)
(310, 425, 6052)
(1424, 4768, 5865)
(2031, 4470, 6961)
(202, 2046, 5841)
(3970, 6521, 7326)
(1873, 2241, 5693)
(1359, 1467, 2072)
(822, 2812, 7167)
(1061, 6110, 6256)
(740, 1145, 2553)
(2856, 4859, 6576)
(2743, 2946, 6129)
(5290, 6240, 8782)
(3693, 4228, 7814)
(1537, 3763, 8842)
(4000, 4208, 5062)
(3258, 4275, 6234)
(1566, 8316, 9022)
(7399, 8207, 9147)
(1514, 2834, 5042)
(1974, 4176, 6721)
(1576, 2310, 3435)
(333, 3972, 6255)
(6062, 6094, 7047)
(4817, 5056, 5153)
(809, 2566, 7130)
(2308, 3610, 5214)
(3133, 4793, 6125)
(567, 589, 2018)
(1616, 9658, 9919)
(4109, 4180, 9456)
(3381, 6435, 7797)
(1348, 1823, 2223)
(568, 1819, 6840)
(2915, 3503, 4250)
(1475, 2868, 3368)
(2386, 5675, 6896)
(3690, 6621, 7849)
(3247, 6404, 6934)
(4456, 6036, 8227)
(2701, 3851, 7759)
(1357, 1678, 3066)
(3572, 5506, 5597)
(2569, 5553, 7594)
(4703, 6441, 6645)
(1550, 4500, 8863)
(1546, 1670, 2734)
(5796, 7134, 7428)
(3760, 4404, 8606)
(3420, 6471, 9641)
(3621, 5882, 7784)
(2491, 5410, 6538)
(4634, 5860, 7652)
(5857, 7276, 8161)
(4310, 4862, 6455)
(5252, 9641, 9977)
(2453, 8823, 9564)
(1654, 5828, 5979)
(258, 2608, 9117)
(412, 2441, 2794)
(110, 2963, 8213)
(442, 7397, 8990)
(2596, 4890, 8908)
(2815, 2994, 8041)
(1085, 3819, 7365)
(3431, 6419, 7558)
(5809, 6157, 7766)
(559, 2315, 5541)
(1071, 7016, 8574)
(2823, 4439, 5961)
(2294, 8356, 8801)
(1103, 7830, 8383)
(771, 7261, 7874)
(289, 1432, 7434)
(5924, 5953, 8928)
(3554, 5585, 7879)
(2791, 8084, 8381)
(1495, 4962, 7463)
(877, 5986, 6144)
(3824, 5882, 7243)
(5117, 5372, 8669)
(4919, 5935, 6663)
(2689, 3875, 6437)
(4751, 7649, 9348)
(3165, 3432, 6296)
(5398, 5631, 7045)
(3128, 6091, 8519)
(4965, 7778, 8193)
(2786, 5168, 6958)
(2054, 7898, 8359)
(1456, 3328, 7875)
(4326, 4762, 8692)
(2807, 3687, 4281)
(1083, 1212, 5370)
(3298, 3758, 3800)
(4495, 7076, 8497)
(869, 2780, 8081)
(195, 3523, 6364)
(968, 9298, 9409)
(325, 5360, 8364)
(3140, 4075, 7228)
(6066, 7483, 8794)
(6750, 7300, 9073)
(4046, 7338, 7989)
(1894, 2580, 3902)
(3769, 5276, 5515)
(1587, 2232, 5127)
(4292, 4623, 5083)
(1597, 3486, 6231)
(1254, 6102, 7843)
(1218, 6350, 9033)
(2338, 2836, 5638)
(1050, 4544, 6750)
(5443, 6131, 6322)
(1185, 6977, 7976)
(631, 5302, 6865)
(1964, 4779, 5031)
(1201, 4945, 6913)
(845, 4770, 6570)
(4385, 4952, 6881)
(2266, 3439, 6599)
(5777, 7782, 7885)
(4642, 4847, 8395)
(3574, 4139, 8484)
(2791, 7994, 8381)
(1609, 2513, 5198)
(312, 3825, 6765)
(905, 7477, 8462)
(2487, 5014, 7837)
(3518, 7153, 8695)
(3331, 7433, 8685)
(3623, 4397, 8175)
(1207, 2952, 3388)
(4488, 5034, 6713)
(3552, 8031, 8867)
(7043, 7292, 8215)
(2615, 5805, 7309)
(1084, 1241, 5396)
(951, 4929, 9047)
(3202, 5647, 8371)
(4298, 6340, 7408)
(6481, 8802, 9650)
(2985, 5061, 8350)
(3807, 5772, 6746)
(1408, 2479, 8056)
(2009, 3036, 6088)
(662, 6383, 9280)
(2142, 2606, 3433)
(3371, 5324, 7359)
(4237, 6056, 9404)
(440, 4628, 5827)
(992, 1453, 2216)
(207, 573, 5089)
(5446, 6106, 7986)
(46, 8247, 9053)
(3893, 7281, 7547)
(1665, 7399, 8296)
(1065, 4253, 4866)
(220, 324, 5811)
(1343, 2083, 6462)
(2117, 2476, 3905)
(309, 8475, 8620)
(2392, 2586, 4777)
(3065, 4550, 5218)
(7739, 7840, 9084)
(1854, 5614, 7146)
(308, 6026, 8997)
(6616, 8901, 9212)
(1685, 7236, 8710)
(3065, 4550, 4863)
(5731, 6109, 6230)
(2359, 4752, 5861)
(2821, 4839, 6554)
(4619, 7237, 8883)
(1298, 5723, 9016)
(2930, 5012, 6542)
(2485, 4278, 5775)
(3966, 4492, 6960)
(5041, 6774, 8610)
(4132, 5118, 9018)
(697, 7448, 8706)
(4467, 6189, 10063)
(3096, 5088, 6404)
(572, 2741, 7224)
(451, 1244, 6321)
(2385, 4710, 6238)
(1481, 3144, 4771)
(2928, 4245, 7055)
(4655, 7659, 7780)
(2393, 3643, 8279)
(2709, 7562, 8418)
(3774, 4435, 5532)
(4899, 5963, 6509)
(6497, 6629, 8257)
(109, 2699, 9228)
(4477, 4575, 5729)
(2060, 4421, 7133)
(1696, 2259, 5235)
(1626, 4887, 6079)
(1926, 6254, 6488)
(1073, 5782, 7765)
(2157, 4975, 6312)
(2923, 4857, 8426)
(2684, 4095, 6367)
(3116, 4888, 7575)
(3939, 7658, 8625)
(2423, 2847, 8619)
(4827, 5239, 5497)
(883, 8253, 8590)
(1162, 3018, 5544)
(2301, 3614, 7185)
(391, 4023, 5774)
(3686, 4408, 4884)
(4174, 7642, 8038)
(3805, 6242, 7489)
(1419, 4925, 7601)
(980, 2391, 6514)
(1066, 5593, 6034)
(3190, 4006, 5348)
(4308, 5565, 6168)
(259, 536, 8497)
(1283, 7363, 9113)
(1859, 4650, 5942)
(1851, 2000, 8480)
(2484, 4749, 7669)
(1127, 3947, 6558)
(1116, 1870, 4984)
(4286, 5142, 8260)
(1915, 4946, 6607)
(434, 1406, 3507)
(2398, 3018, 3767)
(2820, 6983, 9084)
(2831, 3027, 6041)
(3609, 6867, 7987)
(4096, 5181, 5985)
(798, 3180, 9182)
(6225, 6234, 7336)
(5567, 6407, 6933)
(984, 4525, 6686)
(776, 3079, 7929)
(3344, 4463, 7472)
(617, 5427, 7434)
(1680, 3451, 8746)
(2438, 4736, 9131)
(384, 5230, 8690)
(74, 1988, 7337)
(1431, 3345, 7145)
(2388, 3030, 8159)
(3734, 4075, 7228)
(3189, 3496, 3599)
(1399, 2094, 4630)
(2009, 3036, 3738)
(4866, 5982, 7056)
(2554, 5331, 6937)
(6418, 7442, 7842)
(4404, 4686, 8606)
(4293, 5303, 5905)
(3269, 7870, 8583)
(2595, 3741, 6687)
(1182, 3904, 5164)
(3245, 4516, 8899)
(8593, 9077, 9281)
(4061, 4502, 6747)
(789, 2214, 5375)
(3249, 6350, 7866)
(1346, 2535, 4820)
(1288, 4746, 8632)
(616, 2625, 7318)
(3209, 6803, 8834)
(2015, 4044, 8883)
(5002, 7969, 8284)
(2591, 5799, 6782)
(1304, 4596, 5493)
(2416, 5955, 6710)
(3606, 6099, 8016)
(1970, 5948, 6014)
(751, 1626, 5608)
(2543, 4112, 7792)
(1228, 5621, 8094)
(411, 4714, 6409)
(2262, 3814, 6665)
(1466, 1976, 5050)
(2990, 4649, 8292)
(5185, 6279, 8716)
(4479, 4604, 5875)
(1555, 5456, 6590)
(3099, 4095, 5533)
(22, 2320, 6550)
(3073, 3585, 7188)
(559, 716, 5508)
(651, 2593, 2835)
(141, 3908, 9064)
(3445, 6410, 6604)
(1960, 4184, 4296)
(3565, 4470, 6354)
(781, 7421, 9424)
(5402, 6362, 7332)
(7691, 8289, 8939)
(2944, 6637, 7863)
(4572, 6625, 6720)
(1851, 2000, 7984)
(4157, 5816, 5883)
(1191, 4442, 7363)
(2617, 2848, 8593)
(1905, 2654, 7673)
(1017, 6132, 7670)
(6333, 6494, 8026)
(235, 6878, 7524)
(2123, 8011, 8495)
(2700, 2867, 4525)
(172, 2696, 4521)
(1029, 5449, 6316)
(5443, 8265, 9235)
(605, 6562, 8027)
(1334, 4949, 8706)
(1239, 4438, 6697)
(5271, 7967, 8389)
(3006, 5719, 6440)
(2276, 3699, 5445)
(3336, 6086, 7746)
(2631, 5917, 6929)
(5389, 8319, 8922)
(4572, 6625, 6926)
(1696, 2259, 6415)
(1876, 2781, 5225)
(5017, 5170, 8222)
(2937, 6718, 7353)
(64, 5273, 7578)
(106, 5958, 7616)
(5477, 6394, 6820)
(2959, 3475, 7601)
(146, 2034, 7733)
(6241, 6255, 9410)
(4531, 6338, 9085)
(1474, 3555, 4524)
(3223, 3982, 7303)
(585, 4087, 8481)
(6003, 7908, 8259)
(4064, 5545, 7985)
(5779, 8389, 8405)
(2955, 4062, 5311)
(3568, 5667, 6631)
(3793, 5390, 8644)
(2822, 7595, 7822)
(1869, 3849, 6841)
(1301, 1595, 4245)
(2645, 5508, 9102)
(1795, 3570, 6964)
(5660, 5896, 6533)
(3136, 6390, 6447)
(3596, 5468, 7208)
(3334, 6759, 7703)
(556, 3157, 8533)
(2557, 2635, 3219)
(521, 635, 6816)
(949, 6765, 7617)
(5398, 7903, 8514)
(742, 4047, 7193)
(4165, 6320, 7362)
(4879, 6140, 8790)
(4815, 5126, 7683)
(3249, 3448, 7866)
(3692, 4107, 5440)
(7100, 7769, 9146)
(4326, 4762, 5050)
(2013, 3702, 7968)
(3387, 4910, 5371)
(9701, 9806, 10020)
(4932, 5610, 7652)
(5163, 5492, 5707)
(1190, 6314, 8609)
(2926, 4304, 6768)
(4501, 4985, 7853)
(4932, 5190, 6237)
(425, 2897, 8197)
(2299, 3641, 5797)
(4585, 5780, 7047)
(2498, 6605, 9110)
(5443, 6322, 6845)
(1005, 3735, 5034)
(1892, 2233, 2889)
(2004, 2693, 4481)
(1688, 4191, 9496)
(1371, 3366, 4812)
(5132, 5164, 5786)
(1993, 2902, 3437)
(339, 2971, 7022)
(1945, 2084, 6778)
(819, 1423, 1767)
(3241, 7875, 8159)
(279, 5463, 5525)
(475, 3425, 6473)
(4872, 5428, 8479)
(77, 7706, 9852)
(88, 4996, 6380)
(7258, 7709, 8676)
(719, 1445, 1697)
(798, 9182, 9820)
(5868, 7955, 9220)
(586, 3800, 6668)
(2420, 5489, 8004)
(3324, 5446, 7986)
(2183, 6623, 7176)
(1969, 2257, 7657)
(2035, 5593, 5625)
(604, 2291, 4923)
(722, 6403, 7471)
(3553, 4527, 6999)
(3029, 8638, 9331)
(4738, 8127, 9102)
(463, 4510, 7604)
(968, 2153, 7741)
(3671, 4198, 7063)
(6351, 6609, 6886)
(4273, 5131, 7271)
(3568, 5021, 5334)
(1681, 2699, 5944)
(1489, 6218, 6878)
(628, 1133, 7152)
(4959, 5266, 6628)
(3948, 6807, 7273)
(2229, 8491, 8985)
(1860, 2236, 6049)
(2043, 3296, 5461)
(2463, 4771, 7169)
(480, 1785, 6674)
(940, 2821, 8397)
(1934, 6369, 6808)
(5103, 5619, 6212)
(4010, 6579, 8588)
(3883, 4720, 5438)
(1188, 5663, 8494)
(2383, 5878, 6683)
(1846, 3167, 3880)
(2628, 7858, 8056)
(7073, 7090, 8493)
(5673, 6680, 7179)
(4529, 6273, 8895)
(3517, 3989, 7762)
(4517, 4809, 5151)
(2355, 8894, 9010)
(2516, 2890, 8311)
(3254, 3964, 4285)
(2947, 5612, 7914)
(2938, 7127, 7272)
(3621, 4778, 7784)
(4359, 8225, 8632)
(8356, 9210, 9335)
(105, 788, 5015)
(856, 3664, 5108)
(6785, 7462, 8532)
(1787, 5274, 7944)
(140, 4736, 9131)
(4, 991, 4726)
(3300, 5106, 7384)
(5208, 6930, 7450)
(2464, 6267, 7819)
(809, 2566, 4193)
(4958, 5627, 6980)
(2734, 4122, 5444)
(3289, 4428, 6916)
(4968, 6047, 6312)
(1767, 2173, 8660)
(119, 3433, 7951)
(2414, 6442, 6813)
(1209, 5713, 7879)
(2964, 4329, 5577)
(2233, 2889, 3793)
(5004, 6906, 8095)
(363, 4675, 7684)
(5822, 6334, 7753)
(4661, 7943, 9743)
(2888, 6490, 7525)
(28, 5292, 5411)
(3931, 5417, 5792)
(2431, 4141, 7393)
(2287, 6315, 7290)
(3220, 5389, 6420)
(2123, 6438, 7348)
(4657, 6835, 7615)
(1435, 3210, 4159)
(4416, 6051, 7956)
(620, 728, 2027)
(260, 5685, 7355)
(2831, 5405, 6041)
(7559, 8890, 9915)
(2564, 4858, 6711)
(3792, 5986, 6173)
(1065, 4658, 6153)
(1340, 7001, 8020)
(3258, 7666, 8087)
(2394, 5209, 9348)
(1508, 2307, 5549)
(1246, 8007, 9309)
(2936, 5022, 6109)
(410, 7333, 7707)
(5530, 5668, 9044)
(270, 1955, 6564)
(4308, 6833, 9190)
(3888, 4148, 7789)
(2685, 5535, 8306)
(1754, 5245, 7128)
(1938, 2786, 6958)
(1271, 1356, 9353)
(3427, 6074, 8806)
(6762, 7888, 10060)
(910, 1118, 2430)
(915, 8785, 9152)
(2407, 5071, 8242)
(2088, 7371, 9791)
(2418, 2532, 3472)
(2965, 4340, 7137)
(640, 4592, 5575)
(2224, 4454, 7889)
(1667, 4791, 5043)
(3883, 4309, 7993)
(2634, 2660, 3273)
(3132, 4853, 7223)
(1905, 5875, 7873)
(1991, 3734, 6401)
(1472, 2106, 3937)
(1323, 1677, 5120)
(2796, 4429, 4575)
(5295, 7349, 7775)
(2029, 2271, 2613)
(20, 2968, 3531)
(8759, 9541, 9717)
(1449, 2413, 4545)
(2429, 3378, 6628)
(5304, 5512, 9099)
(1776, 3859, 3970)
(30, 2483, 5194)
(5928, 5989, 7916)
(3810, 6148, 8829)
(3968, 4414, 5444)
(4700, 5222, 7030)
(4064, 6051, 8444)
(5937, 6594, 6639)
(4953, 7044, 7459)
(1004, 6340, 7057)
(4184, 5018, 9397)
(4, 5409, 9273)
(6418, 6772, 7842)
(4455, 5480, 6291)
(1009, 4777, 9220)
(3203, 5975, 6022)
(2054, 7712, 8308)
(2763, 4078, 6230)
(3667, 4170, 4893)
(1251, 6468, 7335)
(1688, 4060, 9222)
(3446, 5233, 6339)
(2418, 2532, 6856)
(43, 152, 3990)
(957, 6852, 9383)
(564, 1386, 4964)
(7511, 9101, 9530)
(1414, 2706, 4313)
(1661, 1725, 7748)
(3329, 4591, 7535)
(359, 3796, 4570)
(3085, 4212, 4993)
(3033, 7952, 9293)
(3997, 4341, 8482)
(3002, 4260, 7646)
(5520, 6011, 7282)
(4255, 5623, 9005)
(4131, 6680, 7179)
(1444, 4249, 4466)
(3059, 3539, 6828)
(760, 8750, 9930)
(2496, 4988, 5496)
(443, 3753, 6180)
(2549, 4230, 5042)
(3541, 4684, 5578)
(6724, 9864, 9918)
(2097, 3365, 7730)
(2281, 4742, 5759)
(927, 5430, 6679)
(1222, 3839, 5787)
(564, 1055, 1644)
(3054, 4531, 9085)
(1538, 7816, 9025)
(2798, 6423, 6568)
(2228, 4244, 5051)
(3021, 3638, 8146)
(2279, 4021, 5213)
(646, 1313, 7243)
(1289, 5342, 8223)
(949, 4626, 5097)
(1417, 3415, 3936)
(1155, 5062, 7785)
(4034, 4284, 6031)
(2191, 2380, 2436)
(48, 4797, 7148)
(53, 1504, 8249)
(1047, 4083, 9145)
(3374, 5527, 5576)
(1608, 5465, 5961)
(4169, 4499, 8688)
(210, 2568, 7333)
(589, 3713, 4406)
(120, 6823, 6849)
(1778, 4195, 7309)
(3349, 6566, 7287)
(4264, 5871, 8592)
(548, 2871, 5320)
(2804, 5744, 8408)
(4783, 6610, 8673)
(3006, 6440, 6753)
(1837, 5882, 8500)
(778, 1493, 4019)
(3113, 3838, 5715)
(157, 1630, 7115)
(3459, 4232, 4307)
(237, 6075, 8568)
(3347, 3957, 7158)
(740, 1145, 4490)
(3936, 8393, 8541)
(4409, 5277, 6719)
(1659, 3874, 5556)
(857, 3873, 7732)
(4356, 4718, 8328)
(3134, 5395, 6358)
(1042, 1113, 4820)
(5242, 6136, 6326)
(596, 4703, 6134)
(1941, 4606, 8994)
(2841, 3223, 6043)
(786, 3673, 8258)
(92, 4657, 9722)
(1889, 5123, 5881)
(2830, 5283, 5599)
(4269, 7069, 8517)
(4856, 6867, 8800)
(1182, 2378, 3904)
(2748, 5620, 7549)
(4400, 5370, 6752)
(1835, 2397, 8588)
(4498, 5645, 8668)
(255, 1545, 3553)
(1075, 6267, 8696)
(2118, 4403, 5744)
(112, 3460, 6417)
(3440, 6095, 7299)
(2544, 5685, 7062)
(2125, 2707, 7491)
(7145, 8487, 8491)
(2583, 5627, 8090)
(2812, 2966, 7364)
(5572, 5725, 6941)
(2450, 4631, 9184)
(2238, 4041, 6949)
(4207, 6727, 6981)
(6700, 7968, 8844)
(7551, 7673, 7873)
(219, 3559, 7765)
(630, 3967, 8373)
(713, 2322, 7375)
(1959, 4249, 7012)
(6993, 7135, 7541)
(1317, 4698, 8936)
(3034, 6428, 7909)
(1854, 7752, 7850)
(2774, 2884, 4134)
(1123, 1227, 8281)
(1537, 8823, 8842)
(223, 6372, 6530)
(893, 4605, 6865)
(635, 4701, 5487)
(5708, 6902, 8561)
(3951, 5672, 6574)
(2193, 5099, 5973)
(193, 3553, 4735)
(765, 3372, 3750)
(1142, 3131, 4780)
(206, 5743, 6584)
(1575, 4342, 4979)
(2406, 3275, 4368)
(1556, 2518, 6982)
(1367, 3476, 8710)
(3318, 3890, 5856)
(7522, 8261, 8778)
(3333, 4376, 6327)
(44, 4321, 5161)
(439, 1326, 4014)
(356, 2036, 8777)
(3609, 6100, 6117)
(3196, 4072, 4901)
(14, 7699, 8252)
(489, 1593, 8987)
(2305, 6437, 7331)
(1021, 5312, 6536)
(4338, 4814, 8027)
(723, 2512, 7026)
(1164, 4715, 8305)
(5694, 5741, 7268)
(3399, 5337, 8231)
(5038, 5645, 8668)
(3355, 6946, 9155)
(1674, 5401, 5494)
(631, 4605, 6405)
(3992, 4383, 8604)
(250, 3466, 4332)
(1568, 3577, 6149)
(953, 2582, 4386)
(2718, 3312, 4239)
(1332, 2249, 8277)
(8406, 8521, 9714)
(1841, 5645, 7352)
(975, 6654, 8432)
(317, 1108, 6460)
(1372, 5338, 7486)
(3721, 3975, 5265)
(237, 533, 2817)
(6732, 7033, 7579)
(4223, 6680, 7774)
(1459, 2865, 5258)
(4854, 6161, 7849)
(2938, 3362, 7127)
(1811, 4090, 4509)
(4216, 5381, 7990)
(1558, 3206, 3501)
(3092, 4831, 9738)
(1134, 4486, 7538)
(3118, 4753, 8538)
(3464, 7257, 8807)
(2123, 7123, 7348)
(1742, 2539, 6428)
(744, 5689, 7343)
(5104, 7794, 7992)
(1260, 6281, 6534)
(3354, 7740, 7804)
(655, 6511, 8830)
(118, 3248, 3844)
(569, 3937, 7786)
(1790, 6566, 8319)
(897, 3940, 9453)
(3771, 4235, 6871)
(478, 1402, 4938)
(4168, 8219, 8579)
(6076, 7868, 9120)
(15, 3747, 5158)
(914, 3137, 4401)
(240, 1553, 4213)
(4978, 5906, 7369)
(4369, 6008, 8161)
(1449, 6422, 7050)
(3796, 6128, 6809)
(5986, 7569, 9567)
(2289, 4109, 6611)
(328, 2173, 2524)
(2186, 4054, 5669)
(3250, 5466, 6672)
(230, 1777, 1829)
(1470, 2300, 4436)
(3426, 6392, 9312)
(3422, 7051, 7466)
(1684, 3850, 4547)
(932, 3869, 7817)
(3756, 6338, 6523)
(3093, 7231, 7451)
(3361, 3817, 6658)
(2032, 6787, 7456)
(32, 876, 4203)
(4430, 6805, 8324)
(5624, 6825, 7681)
(1623, 4187, 6960)
(3688, 3773, 7871)
(2544, 2993, 7062)
(2097, 4195, 7309)
(5809, 6157, 6232)
(566, 6085, 6509)
(684, 2321, 7457)
(194, 8942, 9023)
(1118, 5222, 9600)
(5289, 6860, 8788)
(4323, 8017, 8235)
(52, 5978, 6070)
(2300, 6159, 6939)
(4566, 5129, 5175)
(3602, 9013, 9088)
(4093, 4728, 5913)
(550, 2064, 5181)
(3130, 3792, 3894)
(557, 666, 5106)
(1258, 1848, 4960)
(1592, 5257, 6221)
(4851, 6767, 7120)
(1493, 4063, 6081)
(1973, 2212, 8907)
(1070, 1703, 7435)
(259, 2974, 8940)
(572, 2323, 6766)
(2119, 3246, 3469)
(20, 6811, 8922)
(2289, 4155, 7554)
(1184, 3077, 9116)
(1886, 2428, 3657)
(2481, 3325, 4183)
(1817, 3453, 3658)
(2495, 3650, 6858)
(3005, 3727, 3815)
(2395, 5904, 7475)
(1772, 4182, 5920)
(549, 568, 846)
(2277, 3047, 3351)
(1901, 2949, 4091)
(686, 7997, 9665)
(4641, 7349, 8057)
(593, 5115, 5516)
(5276, 7411, 8157)
(5171, 6955, 7640)
(3670, 4396, 5822)
(5330, 7874, 8818)
(6403, 6890, 7757)
(1954, 3636, 7831)
(3688, 3773, 7856)
(1291, 3729, 8183)
(2147, 3377, 7470)
(3226, 3669, 4393)
(3140, 7228, 7342)
(116, 4210, 4981)
(313, 4328, 4955)
(5261, 5472, 6305)
(2089, 3880, 4363)
(2125, 2690, 7491)
(434, 3507, 4513)
(1463, 5324, 7800)
(5108, 8719, 9021)
(1789, 5834, 7464)
(126, 5047, 5723)
(5889, 7151, 8519)
(3024, 4908, 7126)
(962, 1419, 1849)
(5724, 5799, 6025)
(1024, 1119, 7401)
(784, 2412, 4791)
(285, 5705, 6839)
(1004, 6019, 7596)
(3765, 4141, 8679)
(2866, 8749, 9719)
(4083, 4413, 5269)
(2743, 4652, 6129)
(176, 3681, 4897)
(2932, 5885, 8109)
(1961, 2686, 5341)
(674, 5328, 5715)
(4067, 5073, 8250)
(153, 3716, 4837)
(1594, 3166, 3871)
(2166, 2922, 7119)
(947, 1176, 6788)
(3356, 4039, 4247)
(284, 1183, 6928)
(619, 2419, 4144)
(7827, 8513, 8736)
(2038, 7074, 8330)
(4274, 6103, 7341)
(3277, 7988, 8377)
(1601, 6430, 8411)
(3339, 3933, 6846)
(1066, 6034, 7452)
(3737, 6823, 7377)
(1404, 7067, 7423)
(5906, 5956, 6885)
(2500, 2658, 4269)
(6198, 7819, 9149)
(1826, 4819, 8023)
(216, 3400, 7857)
(580, 1816, 3814)
(1961, 5341, 5983)
(279, 3871, 5463)
(4817, 5132, 5786)
(2128, 6966, 8599)
(658, 1195, 5286)
(5124, 6383, 9280)
(3027, 4787, 7808)
(1067, 3827, 6130)
(1583, 4255, 4759)
(2756, 2799, 2960)
(1837, 7555, 7860)
(2335, 3475, 6862)
(4685, 4921, 8449)
(845, 1764, 3961)
(2199, 3546, 4455)
(2243, 4972, 9012)
(2783, 3630, 8294)
(2199, 5058, 5480)
(59, 1141, 7700)
(168, 2185, 3532)
(2063, 4139, 5894)
(246, 435, 6394)
(346, 3664, 6789)
(5666, 5911, 7093)
(732, 2019, 3861)
(3316, 4963, 7046)
(4562, 4588, 6832)
(55, 2044, 8274)
(2506, 4534, 7786)
(751, 6595, 7848)
(1877, 7677, 8320)
(1727, 3349, 7960)
(3492, 4865, 8006)
(1486, 2210, 8323)
(1326, 2962, 4014)
(2581, 5137, 7130)
(3569, 4080, 7988)
(4430, 4802, 8324)
(2598, 3830, 8014)
(4535, 6600, 8088)
(3995, 4476, 4635)
(3569, 5839, 8398)
(776, 6237, 7929)
(3510, 3924, 7545)
(452, 1789, 4169)
(1332, 4341, 6504)
(2182, 5622, 7238)
(1879, 5075, 6371)
(2304, 2643, 4818)
(1516, 3744, 6272)
(4394, 4843, 6027)
(2110, 2946, 6213)
(347, 993, 4172)
(2827, 3021, 6790)
(826, 7334, 8887)
(1495, 3864, 7737)
(2283, 3098, 6397)
(2222, 2330, 9625)
(804, 1321, 4214)
(1400, 5742, 9962)
(1382, 3524, 7843)
(4997, 7501, 8076)
(5474, 7248, 9214)
(2219, 3136, 7824)
(3116, 7071, 8061)
(112, 4653, 6448)
(402, 2840, 7415)
(4845, 4983, 8583)
(1036, 6260, 7277)
(3455, 5086, 8338)
(2931, 3059, 3539)
(2706, 4894, 8612)
(3886, 4638, 8187)
(1759, 2096, 8490)
(3530, 4702, 5824)
(929, 3534, 7368)
(1960, 4184, 9007)
(146, 4942, 8436)
(277, 1434, 5109)
(7695, 8003, 8522)
(2579, 7034, 7942)
(1240, 2193, 2522)
(2055, 6191, 6711)
(411, 3096, 6619)
(2774, 4312, 7528)
(3692, 4107, 6984)
(4157, 4977, 7550)
(125, 3021, 7483)
(2376, 4958, 7141)
(555, 5305, 7519)
(1189, 5884, 9377)
(2556, 6744, 7469)
(1573, 5251, 7014)
(2619, 7264, 8100)
(415, 2971, 7925)
(114, 1088, 2263)
(5264, 5541, 6013)
(1724, 4240, 8884)
(3660, 4669, 8066)
(3349, 6651, 8459)
(3061, 6326, 8318)
(1138, 5873, 8843)
(2608, 4764, 6875)
(6229, 6740, 6781)
(4400, 6459, 6752)
(49, 1526, 7225)
(8433, 8607, 8722)
(482, 1081, 3698)
(497, 3393, 5515)
(5344, 5952, 7536)
(3989, 5212, 5947)
(2536, 3104, 7798)
(2609, 5783, 5853)
(529, 2683, 5120)
(2511, 4005, 9154)
(1560, 2157, 3736)
(2025, 3754, 7977)
(1568, 3577, 6120)
(1160, 2841, 5611)
(5364, 7834, 9597)
(157, 7115, 8609)
(4261, 5122, 7068)
(454, 2068, 9376)
(463, 4271, 4510)
(3120, 4106, 8840)
(661, 981, 8158)
(2229, 9077, 9281)
(1762, 4115, 8613)
(3175, 5356, 7150)
(2359, 4007, 5861)
(4647, 5806, 5824)
(2749, 3130, 7395)
(3894, 6065, 6173)
(470, 1591, 4781)
(251, 3008, 6373)
(1008, 4071, 7980)
(36, 2541, 3505)
(7073, 7090, 7440)
(4239, 8759, 9717)
(3565, 3752, 4470)
(5629, 6362, 8248)
(5086, 5114, 5565)
(4431, 4798, 8062)
(3971, 7050, 7389)
(1258, 5394, 5603)
(1254, 3057, 6102)
(3731, 5650, 5985)
(1030, 3265, 8775)
(3145, 7781, 8318)
(2092, 3221, 5169)
(4330, 5434, 5690)
(2575, 3965, 5292)
(3986, 5848, 6315)
(4171, 6651, 8459)
(1958, 2345, 8360)
(7229, 9230, 9456)
(3183, 3832, 6299)
(2073, 4611, 6963)
(3623, 3994, 5368)
(2189, 2206, 6233)
(3651, 4862, 4873)
(530, 2710, 5880)
(3407, 3958, 4379)
(1583, 1716, 7118)
(2280, 2504, 6603)
(739, 1225, 4132)
(2783, 3063, 6663)
(2592, 5497, 7076)
(5534, 5896, 6938)
(1242, 1311, 2990)
(3274, 5583, 6748)
(952, 4467, 7207)
(918, 5703, 8421)
(4185, 6207, 7496)
(4784, 5861, 9310)
(2790, 4038, 5454)
(4048, 5072, 7119)
(729, 7045, 8058)
(4000, 4189, 4208)
(4029, 4541, 5571)
(101, 2386, 4941)
(5642, 7122, 8076)
(2593, 3268, 8424)
(450, 1620, 3212)
(668, 6762, 9121)
(625, 1587, 8399)
(1194, 4360, 9145)
(4212, 5172, 6309)
(2958, 4811, 6249)
(2417, 2839, 5622)
(629, 4698, 8936)
(2006, 7713, 8269)
(4138, 6529, 8949)
(1740, 2227, 6001)
(1011, 5748, 6146)
(362, 3329, 6788)
(1695, 4597, 5878)
(2485, 2738, 4278)
(422, 1580, 5113)
(4152, 5605, 5630)
(6739, 6930, 7450)
(277, 4186, 4622)
(5477, 6188, 6394)
(94, 6954, 8381)
(3661, 4017, 6540)
(2185, 6115, 6199)
(3870, 4268, 7033)
(392, 8607, 8828)
(679, 6818, 6896)
(4140, 6474, 7721)
(176, 5028, 6194)
(1202, 5460, 8815)
(440, 6377, 8003)
(1895, 5076, 5988)
(3169, 4094, 6539)
(1023, 1299, 7921)
(3837, 4686, 5863)
(221, 2226, 6409)
(646, 999, 6815)
(357, 551, 6971)
(902, 3869, 4774)
(2063, 5637, 7669)
(864, 3665, 5310)
(949, 5224, 7116)
(1836, 3280, 7154)
(1273, 1600, 5226)
(1934, 3722, 6808)
(40, 3081, 8408)
(1525, 1975, 4370)
(3482, 3907, 5512)
(6197, 6222, 8197)
(1583, 4255, 4878)
(3119, 6969, 7970)
(3014, 6156, 7523)
(1169, 3381, 3522)
(4393, 5551, 5579)
(4937, 5392, 6017)
(5517, 8507, 9116)
(5879, 6803, 7407)
(3773, 6166, 7537)
(2594, 5704, 8005)
(2824, 3637, 6745)
(2297, 3011, 3224)
(1807, 2927, 9458)
(203, 8321, 9278)
(3727, 4491, 6370)
(638, 7098, 8190)
(4010, 6402, 8588)
(85, 1578, 8170)
(631, 6405, 8295)
(927, 3287, 6133)
(5885, 8051, 8109)
(1717, 5902, 7293)
(444, 2072, 4912)
(1133, 3558, 7152)
(2943, 6783, 8735)
(3123, 3644, 3846)
(4621, 8404, 8906)
(2826, 5996, 7429)
(6302, 7159, 7164)
(1050, 1689, 2357)
(2542, 7534, 9202)
(279, 5525, 5581)
(4976, 5820, 8582)
(3627, 5466, 6238)
(3211, 3284, 3503)
(1029, 4408, 6316)
(626, 3713, 4687)
(1626, 5608, 6079)
(3438, 4482, 8799)
(1469, 2101, 7749)
(3697, 4128, 5680)
(6320, 7927, 8136)
(528, 7787, 9295)
(3644, 3846, 4366)
(6378, 7060, 7518)
(1603, 5161, 7301)
(2904, 7744, 9082)
(2346, 3016, 6880)
(18, 899, 1680)
(722, 7036, 8780)
(3526, 3788, 6549)
(10, 4872, 4897)
(5812, 6287, 7671)
(164, 207, 3563)
(4510, 4511, 6881)
(994, 3200, 4365)
(1737, 7813, 7976)
(2446, 7194, 7886)
(674, 935, 2226)
(1915, 3049, 4946)
(2279, 5004, 5579)
(3278, 6463, 8093)
(5737, 6301, 6325)
(4251, 4574, 8582)
(2995, 3488, 9871)
(4715, 7562, 7998)
(248, 1424, 5865)
(5233, 8704, 9188)
(2997, 7487, 8173)
(4229, 4774, 5569)
(3143, 7679, 8563)
(2331, 2612, 6522)
(2282, 4803, 8313)
(1933, 2957, 4249)
(3979, 5423, 5570)
(2491, 4670, 6538)
(3523, 4564, 9817)
(286, 4126, 5594)
(2515, 6863, 7909)
(2328, 2729, 3948)
(930, 4172, 8911)
(4489, 9129, 9426)
(1559, 2519, 3859)
(365, 8050, 9532)
(1249, 1360, 9540)
(1081, 4773, 8065)
(3543, 4465, 5315)
(479, 3717, 4992)
(4722, 5298, 8630)
(1127, 1186, 2368)
(4258, 6697, 8211)
(3944, 7793, 7907)
(410, 4775, 7707)
(3820, 5486, 7458)
(169, 2838, 6009)
(3270, 8096, 8288)
(953, 2087, 5459)
(553, 5093, 5437)
(959, 2194, 4130)
(1927, 2111, 4090)
(3879, 4762, 8419)
(1457, 4450, 6956)
(2127, 2136, 3406)
(5267, 6795, 6848)
(2221, 6421, 6714)
(4529, 5832, 7545)
(63, 650, 3983)
(1173, 3027, 4795)
(3260, 5893, 6764)
(1718, 4137, 5791)
(6197, 7529, 7865)
(5897, 6263, 6484)
(3650, 7592, 8501)
(1864, 2013, 8562)
(689, 4598, 4982)
(3175, 5623, 9005)
(1458, 4870, 6080)
(5738, 6016, 6253)
(2555, 4047, 4681)
(731, 2077, 3301)
(766, 3273, 8055)
(385, 3074, 8564)
(1482, 4033, 4252)
(389, 885, 5667)
(3256, 3939, 7379)
(1573, 4920, 5219)
(229, 1618, 5814)
(1839, 5596, 5939)
(17, 7709, 7893)
(979, 5676, 7954)
(619, 4144, 5778)
(33, 934, 1143)
(891, 7215, 7439)
(7380, 7413, 10070)
(3960, 4287, 6261)
(3943, 7432, 7702)
(337, 1165, 6745)
(7374, 7758, 8291)
(0, 3200, 3253)
(889, 1277, 3611)
(1826, 1829, 8023)
(6311, 6370, 6592)
(3530, 5372, 5824)
(4329, 4677, 4745)
(1336, 2430, 9600)
(2578, 4765, 5750)
(1557, 5814, 8576)
(2781, 5069, 5225)
(848, 7331, 7912)
(368, 3098, 8968)
(2501, 6864, 8533)
(1472, 2526, 7898)
(1067, 4448, 4767)
(1677, 4669, 7156)
(4226, 4254, 8734)
(845, 6570, 7165)
(848, 972, 3581)
(5675, 6896, 8393)
(212, 1831, 6583)
(999, 6815, 8044)
(1429, 2819, 5607)
(2739, 4752, 5566)
(962, 1096, 6201)
(1820, 3725, 4051)
(2803, 3675, 7254)
(2693, 8138, 9409)
(531, 5379, 6712)
(3159, 6258, 8715)
(5830, 7186, 7887)
(234, 1033, 8129)
(1463, 6578, 7800)
(6987, 7315, 10009)
(105, 474, 811)
(1672, 4494, 8093)
(3503, 7492, 7640)
(1519, 5235, 6526)
(2231, 6746, 6932)
(4558, 6951, 7645)
(659, 2148, 4807)
(564, 1644, 2733)
(2548, 4555, 7688)
(3102, 5420, 6498)
(1551, 4451, 8151)
(1312, 1459, 3828)
(2721, 4202, 8569)
(3067, 7434, 8274)
(927, 2075, 3287)
(1956, 2152, 9004)
(920, 2268, 5846)
(225, 946, 8914)
(2724, 6331, 7950)
(1827, 3217, 7631)
(1492, 2119, 3246)
(1878, 5790, 7867)
(3343, 4235, 4639)
(1773, 2532, 3472)
(1001, 2880, 7627)
(3178, 3443, 7284)
(3512, 3991, 5504)
(1900, 3819, 4407)
(7728, 7974, 9307)
(284, 1183, 6544)
(747, 964, 3579)
(3677, 4129, 6053)
(710, 1310, 5735)
(483, 1457, 5860)
(4994, 8240, 9802)
(3442, 4546, 5378)
(832, 4121, 6530)
(2205, 4926, 5470)
(1586, 7529, 8121)
(2897, 6391, 7026)
(4258, 5736, 6633)
(412, 2441, 8009)
(87, 3408, 6684)
(3973, 4027, 6520)
(2356, 3444, 8384)
(30, 5513, 5679)
(1335, 2894, 3992)
(3421, 4844, 6932)
(6770, 7628, 8771)
(4358, 6613, 6852)
(52, 4732, 8888)
(5082, 7269, 8322)
(3796, 5770, 6809)
(4512, 6195, 7966)
(30, 2483, 5513)
(3735, 3902, 6108)
(3062, 7368, 8192)
(1554, 2342, 4259)
(3084, 3835, 8991)
(1926, 5408, 7689)
(1973, 2794, 7140)
(473, 1932, 6632)
(1495, 3864, 8078)
(6472, 9190, 9194)
(4159, 6045, 9418)
(813, 2899, 8947)
(4582, 7078, 8189)
(3001, 4482, 4784)
(727, 7407, 8834)
(5279, 5638, 7962)
(5873, 8170, 8843)
(3099, 8019, 8107)
(1218, 4031, 4487)
(1856, 2223, 7866)
(1610, 4799, 8469)
(137, 5995, 7221)
(3653, 5163, 5538)
(2801, 3164, 4060)
(2603, 3958, 7391)
(2122, 2650, 3101)
(3726, 6470, 6751)
(100, 2722, 7046)
(237, 4707, 8387)
(1497, 1832, 3231)
(4792, 7507, 8285)
(222, 2040, 3129)
(1782, 6626, 6834)
(3216, 3590, 3708)
(5512, 9591, 9634)
(3764, 7069, 8600)
(2296, 2673, 9255)
(1344, 3387, 4910)
(240, 8687, 8733)
(6620, 8231, 8595)
(6444, 7264, 7979)
(5573, 6895, 7250)
(7246, 9987, 10090)
(1459, 5955, 6887)
(1989, 2239, 5534)
(4287, 6261, 6396)
(5981, 7686, 8165)
(2078, 4746, 8299)
(1460, 1581, 5730)
(3025, 5308, 6089)
(3656, 4823, 5696)
(1463, 4829, 6578)
(2502, 3778, 3938)
(3979, 4101, 5299)
(832, 4179, 8204)
(1799, 5770, 7586)
(257, 3658, 6379)
(4462, 4730, 6077)
(1252, 2992, 4402)
(4265, 5300, 7285)
(3140, 5924, 9421)
(4810, 5316, 6560)
(3461, 4718, 6352)
(3367, 4616, 5690)
(3564, 5767, 5919)
(2780, 3001, 6494)
(853, 1648, 3554)
(2198, 4171, 8459)
(729, 5018, 8508)
(1542, 3340, 7847)
(3384, 3659, 6368)
(2709, 7888, 8418)
(2055, 5260, 8466)
(3806, 8929, 9255)
(1404, 2577, 7750)
(2327, 3926, 8101)
(896, 3715, 8220)
(9059, 9987, 10090)
(3906, 5531, 7614)
(2698, 3279, 6169)
(1023, 3790, 4028)
(2076, 3601, 8040)
(6527, 6749, 7849)
(1885, 3930, 6677)
(419, 2207, 6352)
(1569, 2371, 5202)
(3258, 4275, 8087)
(2597, 2956, 5504)
(5268, 5388, 6147)
(3247, 3635, 5838)
(4396, 8787, 9753)
(329, 1102, 2926)
(5357, 6196, 7133)
(1135, 4036, 7585)
(489, 5603, 8987)
(195, 4928, 6364)
(3785, 5263, 5874)
(5209, 7649, 9348)
(595, 783, 7916)
(1482, 3759, 4252)
(2309, 5801, 6974)
(1954, 3267, 7634)
(3903, 6450, 6548)
(1596, 2806, 7255)
(3518, 6443, 8695)
(1424, 5589, 8600)
(146, 1400, 7733)
(3235, 4622, 5053)
(319, 5306, 8401)
(1279, 1778, 5309)
(624, 3015, 7142)
(2063, 5894, 7669)
(3159, 3635, 6099)
(5732, 6304, 7855)
(1066, 2035, 8002)
(599, 4456, 8271)
(319, 3892, 5306)
(2050, 2255, 8068)
(2999, 3071, 3373)
(2767, 2858, 4599)
(2858, 6652, 9130)
(2230, 3278, 3640)
(2641, 5024, 8212)
(1441, 2059, 3453)
(353, 5514, 9755)
(2373, 5912, 8523)
(826, 4794, 8227)
(4246, 4697, 6434)
(1858, 5619, 7910)
(3168, 5373, 8012)
(4445, 6612, 8255)
(41, 1899, 3995)
(1272, 4227, 5281)
(1309, 5104, 8379)
(1904, 4453, 5444)
(3678, 3857, 5969)
(2505, 3726, 8009)
(7334, 7376, 7461)
(7711, 7878, 8410)
(573, 1352, 7251)
(5156, 8066, 8284)
(3480, 3619, 4904)
(560, 5151, 6657)
(541, 1414, 1732)
(1622, 3987, 9333)
(2281, 5602, 7602)
(2909, 4311, 8988)
(3761, 4052, 7810)
(2189, 2206, 8162)
(1562, 4311, 9720)
(48, 4681, 4797)
(3544, 6840, 9043)
(1363, 1758, 3660)
(987, 1084, 5576)
(1007, 3300, 9139)
(6145, 6414, 6757)
(5636, 7489, 8361)
(1922, 4646, 6195)
(1150, 1382, 4045)
(1593, 5052, 8893)
(1830, 8358, 8964)
(1579, 6711, 7392)
(1660, 6440, 9357)
(2465, 7630, 9336)
(2363, 6661, 7795)
(1338, 5290, 5640)
(3145, 6117, 8318)
(1233, 5362, 6070)
(447, 1917, 4658)
(153, 278, 4837)
(1373, 7860, 8500)
(223, 4796, 6530)
(5278, 5954, 9015)
(3415, 4574, 8582)
(3084, 4150, 9660)
(3765, 6001, 6919)
(2558, 3536, 4135)
(962, 1419, 4925)
(5833, 6303, 8798)
(1554, 3487, 9804)
(1892, 2444, 7661)
(4157, 5816, 7550)
(1035, 4665, 5017)
(7246, 8473, 9319)
(2629, 4013, 8941)
(322, 3652, 7474)
(2860, 4204, 8198)
(2188, 4619, 6908)
(3272, 8402, 9703)
(5501, 5580, 7006)
(1949, 4447, 7310)
(952, 7207, 8585)
(1639, 6966, 8119)
(1784, 4097, 7536)
(4022, 6210, 8537)
(2654, 6426, 7051)
(1024, 1119, 1465)
(4294, 6942, 8709)
(3052, 6896, 8393)
(6837, 9522, 9933)
(1520, 6571, 8293)
(873, 2524, 5336)
(360, 2450, 3884)
(915, 7943, 9152)
(1103, 6510, 7830)
(3313, 3413, 6602)
(1004, 6407, 7596)
(3346, 6200, 6945)
(1644, 8228, 8917)
(3404, 4082, 7895)
(4502, 5796, 6747)
(3428, 7770, 8069)
(2345, 5532, 9819)
(2427, 5911, 7093)
(338, 4376, 7400)
(768, 2292, 7857)
(2445, 8117, 8791)
(3306, 4053, 7818)
(5988, 6640, 7159)
(1412, 1607, 2912)
(2446, 5811, 8282)
(321, 5948, 8331)
(120, 3168, 6849)
(193, 4735, 4865)
(1006, 7457, 7477)
(280, 1735, 5695)
(445, 4515, 8835)
(2748, 6507, 7549)
(1231, 5479, 6158)
(1139, 3369, 3820)
(3214, 5318, 7509)
(1848, 6297, 8667)
(2396, 3117, 3829)
(720, 6490, 6593)
(177, 6899, 8532)
(1315, 3147, 8534)
(888, 1197, 8092)
(4127, 5778, 7079)
(2647, 7941, 9113)
(80, 4979, 6712)
(2723, 7085, 8012)
(2600, 4601, 4813)
(4295, 5436, 7037)
(1844, 2548, 6143)
(598, 5753, 6860)
(1806, 4529, 8895)
(6088, 6918, 9012)
(611, 4882, 5184)
(4682, 7534, 9383)
(2008, 2898, 6991)
(3648, 5204, 6468)
(1254, 3057, 3634)
(2757, 5066, 5193)
(894, 4966, 6427)
(7727, 7729, 8072)
(1097, 2270, 8325)
(3696, 7581, 8737)
(3906, 7614, 8051)
(3839, 3872, 4267)
(1318, 1762, 7340)
(678, 4948, 8616)
(5831, 6032, 7568)
(7126, 7237, 8150)
(2599, 3925, 5393)
(420, 3899, 6659)
(1542, 5374, 7665)
(4478, 6819, 8492)
(2708, 3533, 5671)
(889, 2908, 8394)
(1623, 4187, 7038)
(1034, 7964, 8555)
(5518, 6055, 6973)
(2764, 5369, 6183)
(4371, 5745, 8949)
(1617, 2705, 6112)
(3267, 7831, 8950)
(4676, 6027, 6431)
(439, 5197, 5817)
(3225, 6302, 7361)
(475, 3425, 6749)
(700, 7475, 9437)
(2191, 5883, 6347)
(1151, 3632, 9006)
(5566, 6268, 7861)
(1899, 5145, 5611)
(2644, 3812, 5226)
(4471, 7016, 7743)
(145, 3087, 8406)
(289, 1432, 8364)
(2836, 4677, 5237)
(4064, 8827, 9668)
(4567, 5372, 7851)
(797, 3671, 8626)
(109, 1987, 9423)
(1021, 4808, 8717)
(1972, 3529, 8114)
(3996, 4371, 8033)
(4335, 7505, 10039)
(1039, 3783, 4723)
(2209, 6842, 7940)
(910, 1189, 7800)
(5107, 6698, 9104)
(990, 2426, 8271)
(413, 1358, 2263)
(6916, 9435, 9920)
(282, 7032, 8054)
(6435, 7124, 7797)
(311, 4661, 6879)
(4581, 6285, 6310)
(6131, 7017, 7756)
(480, 3141, 7308)
(360, 2450, 3830)
(5300, 5747, 7910)
(5163, 5707, 6442)
(1093, 4406, 5234)
(3748, 4240, 8948)
(4077, 5842, 9250)
(696, 1629, 1711)
(1702, 3202, 6998)
(5096, 5397, 7339)
(1503, 4241, 5111)
(3696, 3719, 6505)
(177, 4152, 6899)
(4554, 4754, 6904)
(7198, 7293, 7375)
(2490, 4869, 5818)
(561, 6280, 7403)
(547, 1947, 9079)
(2229, 2992, 4699)
(6513, 7712, 8308)
(7066, 7275, 7561)
(4805, 7487, 7807)
(2230, 3640, 7550)
(248, 1424, 2587)
(3556, 4527, 6999)
(4496, 5667, 8264)
(3749, 3827, 6851)
(4829, 6673, 8627)
(1179, 1202, 3158)
(5702, 9262, 9573)
(4229, 6085, 7011)
(580, 4202, 6550)
(2754, 4103, 5706)
(2750, 3217, 3770)
(1268, 4595, 8624)
(7049, 7358, 8389)
(1058, 5659, 10043)
(3132, 3232, 7223)
(2266, 3056, 3439)
(8007, 8927, 9772)
(1136, 5802, 6773)
(30, 4565, 5679)
(58, 4297, 9913)
(1524, 3595, 9132)
(1345, 3513, 5692)
(2708, 3817, 9448)
(5762, 6511, 9322)
(2510, 4350, 6426)
(5174, 6688, 6769)
(1407, 2080, 6111)
(4860, 5821, 7621)
(1060, 2893, 8130)
(372, 8249, 8469)
(3537, 4935, 6645)
(1320, 1795, 7928)
(5165, 7065, 7869)
(4372, 5320, 6861)
(1053, 2790, 5454)
(2295, 4273, 7174)
(3688, 3829, 7856)
(503, 1211, 5164)
(487, 4969, 7187)
(998, 3760, 8382)
(5474, 8891, 9214)
(3042, 4181, 5922)
(5687, 5957, 7244)
(1777, 7401, 8082)
(941, 4337, 5014)
(5098, 5670, 8268)
(1855, 4364, 5890)
(648, 1071, 3375)
(1704, 7328, 9241)
(329, 6617, 8937)
(1765, 4540, 4772)
(3612, 7426, 7499)
(925, 3450, 4320)
(8102, 9124, 9178)
(555, 1435, 4159)
(1286, 6639, 7783)
(6211, 7523, 8613)
(8348, 8374, 9275)
(6866, 7590, 8014)
(597, 1144, 2528)
(3224, 8315, 8363)
(1190, 3210, 8609)
(487, 7123, 7187)
(1198, 1589, 8666)
(1935, 4020, 7841)
(5085, 7469, 8489)
(768, 6067, 7857)
(4068, 7510, 8268)
(1996, 2200, 5793)
(2754, 3691, 4103)
(2605, 5594, 6924)
(2240, 4364, 7175)
(5385, 6733, 7261)
(4535, 4729, 6993)
(2216, 4131, 7643)
(516, 4790, 5127)
(4207, 6981, 7973)
(1801, 3257, 5432)
(6201, 7616, 8925)
(2241, 5949, 7153)
(2429, 5832, 6831)
(7694, 7713, 8269)
(5006, 7062, 7958)
(57, 5999, 6240)
(1746, 4337, 5335)
(2678, 3502, 7755)
(889, 2908, 3942)
(249, 4175, 5531)
(4609, 7771, 7884)
(1098, 4286, 4662)
(3306, 6763, 7818)
(1556, 2869, 4340)
(1254, 4463, 7843)
(4224, 7815, 8914)
(1090, 1196, 4711)
(3583, 4099, 7357)
(5634, 7324, 9852)
(2817, 4755, 6962)
(367, 3072, 6270)
(6175, 6909, 7025)
(5508, 8127, 9102)
(4274, 6366, 7078)
(986, 1712, 7708)
(3573, 6050, 8275)
(2651, 4390, 7588)
(495, 6120, 8333)
(1788, 2169, 8108)
(4243, 5773, 7260)
(2170, 2642, 3590)
(4299, 5005, 5690)
(3357, 6019, 8471)
(4040, 5219, 6636)
(1100, 1101, 7531)
(202, 3110, 10079)
(3986, 5848, 7984)
(258, 2630, 9117)
(6218, 6557, 7524)
(412, 1818, 2505)
(2910, 3715, 8826)
(2971, 3597, 3941)
(4283, 5529, 8173)
(3218, 8105, 8934)
(5431, 7878, 8486)
(3834, 7232, 8719)
(6135, 6609, 8587)
(2901, 6007, 6321)
(868, 2404, 6215)
(2683, 7041, 7114)
(169, 2838, 2870)
(2796, 4493, 5114)
(1357, 1678, 4713)
(5717, 6581, 6774)
(5841, 6664, 7743)
(1774, 3780, 8133)
(6174, 9388, 9845)
(4233, 4800, 6784)
(1855, 2240, 8733)
(956, 6231, 7028)
(118, 3248, 6149)
(3817, 4396, 5934)
(3832, 6180, 6770)
(2867, 9665, 9769)
(3605, 4353, 6945)
(206, 3879, 6931)
(2798, 6806, 8060)
(2002, 2404, 2534)
(1925, 2184, 4398)
(3042, 6038, 6517)
(208, 2113, 7099)
(3657, 8013, 9606)
(2134, 5681, 7533)
(542, 3826, 9114)
(5997, 6561, 7383)
(5213, 5588, 6874)
(946, 3936, 8831)
(1115, 1693, 8112)
(1717, 7293, 7366)
(947, 1176, 2716)
(2056, 6822, 7945)
(3149, 7335, 7958)
(5348, 9230, 9345)
(1153, 3857, 9855)
(527, 3794, 4909)
(189, 3576, 3743)
(4447, 4849, 7860)
(2499, 5388, 6960)
(756, 4010, 4806)
(4704, 5810, 8713)
(3451, 7641, 8665)
(5701, 7919, 9043)
(995, 4124, 5598)
(1613, 1684, 2607)
(249, 2526, 4175)
(4721, 7307, 8357)
(3152, 7063, 7906)
(896, 3715, 5033)
(1053, 3965, 4504)
(1307, 2503, 8008)
(3128, 5646, 8519)
(2432, 4650, 8686)
(766, 4505, 8055)
(4359, 4880, 8206)
(3323, 3990, 8498)
(2633, 5843, 7273)
(1185, 2694, 7976)
(4431, 4590, 5706)
(6015, 7231, 8679)
(1074, 1117, 1987)
(2041, 4874, 5552)
(480, 2649, 6674)
(1293, 3373, 7772)
(2638, 3138, 8488)
(1093, 3891, 9602)
(2454, 8506, 8585)
(7112, 7635, 10017)
(54, 275, 4144)
(4792, 5013, 5817)
(2331, 2434, 8270)
(7386, 7706, 8210)
(2378, 4255, 9005)
(487, 937, 3207)
(3545, 4166, 8678)
(1606, 3763, 7672)
(938, 4983, 7070)
(4712, 5286, 6457)
(5154, 7070, 8897)
(3180, 5052, 6692)
(3477, 8837, 8897)
(529, 2845, 5120)
(796, 2206, 8435)
(37, 88, 4996)
(1909, 4024, 8260)
(1570, 8034, 10036)
(7186, 7532, 8506)
(681, 3481, 7720)
(5485, 6188, 6394)
(3399, 8020, 8119)
(2711, 5331, 5936)
(1808, 2143, 2589)
(7003, 7593, 9278)
(2227, 2431, 4141)
(126, 4756, 7625)
(3342, 3445, 6604)
(3336, 6066, 8794)
(2394, 5709, 9080)
(1909, 3487, 6944)
(3384, 3411, 8693)
(5760, 6608, 6893)
(4067, 6374, 7073)
(3784, 4282, 7203)
(512, 4640, 8518)
(2441, 2488, 5797)
(3296, 4687, 6670)
(1952, 6260, 8896)
(2995, 4468, 9850)
(726, 775, 6541)
(1466, 4352, 5050)
(4564, 4827, 5239)
(2589, 4743, 7682)
(1854, 3297, 7850)
(2298, 5734, 6082)
(2150, 2606, 6249)
(1201, 1258, 1848)
(6344, 8322, 8474)
(580, 3814, 4202)
(5051, 6763, 7553)
(2973, 5038, 8668)
(7419, 7738, 8431)
(4902, 5867, 8275)
(782, 5887, 8983)
(594, 2343, 9148)
(1835, 2397, 5891)
(1722, 6396, 7548)
(809, 5137, 5597)
(1094, 1291, 3649)
(1751, 6778, 7390)
(5192, 6454, 7845)
(1056, 7593, 9902)
(3024, 5318, 7557)
(3013, 3482, 3793)
(2306, 6246, 6553)
(848, 3581, 7912)
(33, 9892, 9931)
(1987, 3367, 9423)
(5408, 7512, 7673)
(214, 3073, 7480)
(1418, 5030, 6895)
(2664, 4803, 4814)
(1957, 4753, 6205)
(159, 481, 1041)
(1381, 6600, 7200)
(2843, 5159, 5784)
(1137, 1260, 6281)
(4554, 5299, 8044)
(1571, 4547, 8149)
(2297, 4576, 8697)
(2079, 5751, 6159)
(5166, 5425, 6963)
(2647, 3347, 7941)
(856, 3664, 4301)
(1619, 4879, 6167)
(1786, 1878, 4336)
(219, 1774, 3252)
(1368, 3023, 4494)
(6213, 7693, 8682)
(3255, 5325, 6942)
(676, 738, 9150)
(3624, 3845, 5399)
(863, 4305, 6510)
(2280, 4866, 8629)
(3877, 4626, 7283)
(2622, 3196, 5726)
(677, 813, 2899)
(234, 3833, 8581)
(5227, 5407, 6023)
(3073, 3237, 7188)
(4871, 6670, 6978)
(5400, 7180, 7665)
(1835, 4659, 9014)
(4859, 5792, 7443)
(260, 2850, 5908)
(1062, 4825, 5693)
(2705, 2802, 5530)
(621, 3762, 6544)
(3250, 5084, 6672)
(4073, 5600, 7071)
(6651, 7329, 8046)
(5334, 5667, 8264)
(1714, 2547, 5282)
(770, 5871, 7806)
(5987, 8150, 8883)
(7496, 8010, 8177)
(3824, 5518, 9176)
(3024, 5323, 7557)
(5087, 5333, 5539)
(1988, 6149, 8699)
(4146, 5415, 6650)
(6092, 7067, 8118)
(4161, 5727, 6004)
(3996, 5231, 8988)
(892, 3465, 4087)
(2234, 2384, 9068)
(5481, 7771, 8021)
(859, 4459, 8744)
(3380, 3784, 8311)
(516, 6247, 6424)
(3538, 5017, 8222)
(2906, 3009, 7661)
(2309, 4389, 9321)
(2197, 8091, 8522)
(4314, 4561, 8542)
(1500, 4380, 7540)
(4691, 5982, 7056)
(1736, 2730, 3484)
(428, 2987, 6122)
(1466, 1976, 2428)
(839, 2885, 7135)
(6738, 7571, 7845)
(1675, 2130, 4680)
(1617, 4557, 8578)
(1894, 2084, 2508)
(2099, 6991, 7227)
(4260, 4668, 7274)
(5581, 6189, 7678)
(345, 3942, 8134)
(1673, 2078, 8299)
(457, 5287, 5648)
(1784, 4867, 7536)
(1930, 4753, 7680)
(3832, 3900, 6180)
(3836, 6825, 8073)
(578, 4086, 6501)
(3303, 4333, 7136)
(1339, 5505, 7205)
(31, 4665, 7677)
(1208, 3785, 7656)
(7619, 8491, 9006)
(6021, 8051, 8109)
(2578, 2600, 4850)
(4063, 5280, 6903)
(613, 5606, 8353)
(3826, 7048, 7278)
(539, 2443, 5182)
(1485, 6835, 8513)
(52, 3481, 7720)
(931, 2799, 3317)
(4284, 7532, 8608)
(532, 2719, 4264)
(4378, 5912, 9312)
(479, 887, 3029)
(1235, 5953, 7354)
(801, 1603, 8571)
(1051, 4038, 4388)
(3353, 3412, 8076)
(1723, 2913, 3559)
(3047, 3209, 6929)
(1209, 2963, 5713)
(150, 755, 6633)
(263, 2447, 3712)
(2400, 7844, 8016)
(434, 4513, 6409)
(414, 2684, 6367)
(4791, 7515, 8148)
(2369, 4059, 6624)
(1098, 6827, 8474)
(958, 5417, 6382)
(3874, 5556, 5714)
(2960, 7981, 8188)
(4260, 5521, 6528)
(1335, 2894, 4747)
(1139, 4931, 5071)
(2288, 3689, 8501)
(5587, 6327, 8104)
(4173, 5159, 5500)
(1040, 8193, 9435)
(3751, 5381, 6374)
(2796, 3037, 4429)
(1014, 3507, 5821)
(1459, 5258, 6710)
(5621, 5733, 6151)
(6256, 6297, 8587)
(1297, 3208, 7042)
(2120, 5096, 7764)
(401, 2493, 6706)
(2482, 2740, 5191)
(1374, 2877, 4786)
(1095, 3891, 5547)
(178, 2643, 7790)
(1865, 3709, 5938)
(5502, 6134, 6829)
(348, 1110, 3254)
(4394, 7997, 8478)
(2782, 3068, 5819)
(4558, 4583, 6116)
(2721, 8569, 8684)
(247, 6046, 8263)
(2658, 3540, 6051)
(5540, 6101, 7899)
(5524, 6357, 7120)
(46, 897, 9757)
(3841, 4835, 8288)
(1475, 1582, 8293)
(3341, 5749, 7582)
(6844, 7354, 8224)
(418, 1512, 4334)
(928, 4125, 5587)
(1603, 6204, 7301)
(2658, 3540, 3849)
(3265, 4771, 5682)
(3753, 5124, 6180)
(2082, 4739, 8258)
(1270, 2408, 4708)
(3685, 5915, 9546)
(3336, 6066, 7950)
(977, 2804, 5349)
(647, 2171, 7605)
(4207, 4756, 7973)
(6396, 7262, 8218)
(5315, 6706, 8303)
(2890, 3784, 8311)
(2589, 2741, 3000)
(625, 7591, 8399)
(1656, 5139, 8098)
(4003, 4056, 6749)
(5301, 6445, 6872)
(4264, 4312, 5871)
(2914, 3125, 3923)
(341, 2203, 2311)
(3918, 4191, 6707)
(4393, 6013, 7437)
(438, 462, 1847)
(1769, 5028, 8744)
(2867, 4525, 8478)
(494, 4816, 6685)
(2050, 2255, 3972)
(6221, 7398, 7974)
(673, 6147, 6179)
(4174, 5514, 6318)
(2278, 6755, 8708)
(3915, 4800, 6784)
(4543, 8362, 8458)
(3058, 3932, 5937)
(6270, 6869, 7639)
(248, 711, 5865)
(3746, 5220, 8276)
(361, 3546, 4690)
(1936, 3059, 8213)
(943, 3578, 8204)
(1476, 2383, 8134)
(3915, 4332, 6784)
(664, 2745, 4276)
(2209, 6228, 7940)
(670, 3946, 8768)
(1813, 2837, 7021)
(4727, 6289, 7438)
(4052, 5424, 8400)
(4978, 7328, 9646)
(747, 964, 1302)
(1105, 1464, 9434)
(3987, 6262, 8761)
(2118, 2604, 4403)
(1403, 2888, 6763)
(910, 1118, 1189)
(6563, 6653, 7127)
(6111, 6634, 7240)
(901, 5574, 7647)
(2261, 2363, 7503)
(499, 1745, 8511)
(1588, 3321, 5670)
(5387, 6958, 7239)
(862, 2842, 4234)
(2814, 4512, 6115)
(1354, 8168, 8275)
(4464, 7139, 7366)
(4633, 6156, 6952)
(2605, 2903, 4339)
(2942, 5287, 6756)
(3342, 4741, 5635)
(1234, 1409, 7658)
(4127, 4351, 6413)
(1051, 2100, 6346)
(4046, 4954, 7989)
(313, 2293, 4101)
(1982, 4891, 5312)
(590, 4614, 6573)
(2958, 4570, 4811)
(895, 7647, 8040)
(427, 3212, 8274)
(4611, 5366, 7999)
(976, 2096, 5788)
(889, 1277, 8394)
(113, 6311, 7902)
(7263, 8841, 9818)
(1256, 3863, 5613)
(2218, 4840, 6824)
(4200, 4649, 5844)
(2144, 3092, 9738)
(921, 1212, 3920)
(1402, 2765, 8496)
(1035, 4665, 5092)
(141, 252, 7166)
(2312, 4514, 7899)
(1272, 5281, 5721)
(3305, 5877, 8205)
(3445, 4289, 8505)
(5255, 7570, 7656)
(2400, 5588, 8016)
(1219, 2081, 8566)
(3949, 4046, 7225)
(6499, 8170, 8276)
(2931, 3059, 4347)
(360, 4552, 5048)
(3302, 6183, 6746)
(1000, 2219, 6973)
(4221, 7736, 8291)
(873, 6877, 7182)
(2069, 4913, 6872)
(1498, 2307, 7787)
(1686, 6292, 7808)
(2269, 2866, 9719)
(340, 626, 1527)
(3360, 4761, 5683)
(4065, 4139, 8804)
(3795, 5094, 5478)
(6026, 6795, 6848)
(967, 3906, 4175)
(1575, 4002, 7382)
(2773, 3192, 4119)
(323, 2411, 4485)
(74, 1522, 7337)
(2030, 6035, 6623)
(2829, 6221, 7398)
(3341, 6398, 7582)
(795, 4540, 8697)
(3878, 5539, 6193)
(2611, 4986, 6012)
(70, 3822, 9859)
(60, 1703, 4902)
(145, 3087, 4969)
(680, 6984, 7360)
(22, 1816, 5876)
(3562, 7880, 9761)
(2482, 3966, 5191)
(3632, 8593, 9277)
(1355, 4674, 6373)
(368, 3281, 4909)
(2455, 5179, 6164)
(5110, 7370, 7484)
(4008, 4190, 6972)
(1813, 2837, 4078)
(1864, 5656, 8689)
(2988, 3555, 5228)
(470, 4781, 5638)
(3835, 6779, 7444)
(2495, 3074, 8677)
(1746, 2399, 6822)
(3780, 4091, 5654)
(1449, 2413, 6422)
(2557, 2635, 6522)
(4423, 6639, 7920)
(1165, 2235, 8492)
(2577, 5232, 7767)
(6535, 6709, 6720)
(3426, 5021, 5591)
(3040, 3935, 4133)
(2134, 4109, 4391)
(5025, 7867, 8429)
(211, 1167, 4532)
(1920, 3592, 6346)
(3840, 5176, 7029)
(2480, 3416, 5169)
(2081, 9696, 9974)
(3885, 4369, 6087)
(3883, 4720, 7644)
(2887, 3046, 6361)
(4150, 4548, 6466)
(2937, 3463, 8392)
(6713, 6947, 7882)
(531, 1137, 4500)
(467, 8243, 8553)
(578, 2190, 8409)
(3249, 3448, 6143)
(4559, 5000, 6138)
(5, 2132, 6843)
(4251, 8967, 9074)
(5940, 7651, 8263)
(1498, 5549, 7077)
(3742, 4760, 5588)
(2101, 2682, 5691)
(3586, 6200, 6212)
(2917, 4820, 5994)
(7794, 7992, 8392)
(286, 2179, 6924)
(4121, 4457, 6703)
(215, 7323, 7944)
(1473, 4688, 5923)
(3617, 4931, 9112)
(2914, 3279, 3923)
(2123, 8051, 8495)
(1436, 2929, 8329)
(3268, 7953, 8424)
(1886, 1976, 7082)
(2844, 4345, 6126)
(979, 6395, 7217)
(2180, 2344, 4242)
(3843, 5699, 8112)
(6235, 9029, 9037)
(729, 8058, 8508)
(87, 464, 6684)
(4474, 5078, 6259)
(247, 6718, 7041)
(2355, 3960, 8894)
(1824, 3760, 3797)
(326, 5591, 8523)
(1747, 7727, 8723)
(6820, 9858, 9977)
(2715, 7436, 8286)
(2326, 3956, 4652)
(3945, 5516, 8069)
(1249, 7253, 9039)
(1092, 6007, 9121)
(3052, 4224, 8739)
(690, 2045, 8911)
(2812, 5905, 8071)
(1698, 6606, 7692)
(9591, 9634, 9860)
(4433, 6973, 6986)
(358, 5141, 5416)
(156, 3636, 7831)
(1832, 3231, 3794)
(2296, 3190, 4006)
(3512, 3991, 6519)
(1096, 1140, 6446)
(4892, 6755, 7581)
(3374, 5718, 7089)
(1400, 6384, 7029)
(3988, 4342, 7584)
(321, 4379, 5826)
(3365, 3858, 8640)
(3272, 3421, 4844)
(702, 3502, 6457)
(2494, 3002, 6528)
(2529, 4262, 8438)
(2385, 3250, 4710)
(1099, 2317, 5032)
(5431, 6836, 8266)
(2493, 4459, 9642)
(883, 3253, 8253)
(212, 525, 1998)
(3941, 4186, 5636)
(3170, 6863, 8366)
(1666, 6986, 8351)
(6207, 6615, 6642)
(2344, 2601, 4242)
(2916, 6057, 7258)
(475, 4145, 4624)
(2648, 3308, 8559)
(4205, 5314, 7190)
(3488, 3515, 3810)
(1525, 4370, 5564)
(165, 6065, 6277)
(6, 3036, 7915)
(3276, 5533, 7077)
(1033, 5421, 6911)
(965, 1046, 4126)
(4050, 4363, 7874)
(2265, 5664, 6411)
(1742, 2795, 8366)
(2328, 6807, 8116)
(2406, 2502, 3275)
(6562, 9514, 9871)
(4841, 7319, 8704)
(4675, 5918, 6691)
(469, 1502, 1992)
(3381, 4464, 7198)
(1447, 4652, 5609)
(654, 2642, 8731)
(103, 1590, 2022)
(3833, 4355, 8421)
(1563, 2006, 4980)
(4161, 5673, 6004)
(3446, 5233, 5718)
(1297, 2954, 7042)
(4162, 5391, 6449)
(5395, 5442, 6922)
(576, 7300, 9497)
(1275, 1699, 2411)
(814, 871, 3402)
(5323, 7509, 8639)
(4728, 5913, 8375)
(4716, 4758, 7019)
(2606, 7586, 9153)
(3024, 4908, 5318)
(866, 1313, 5570)
(940, 2821, 7759)
(1261, 3309, 6306)
(3536, 6722, 9953)
(770, 4312, 5871)
(3115, 7695, 8522)
(1308, 1880, 5598)
(1497, 2865, 8245)
(3840, 4851, 9249)
(1399, 7615, 8657)
(250, 8384, 8747)
(1292, 6166, 6915)
(4509, 4891, 8430)
(2023, 7991, 9747)
(2313, 6536, 8300)
(6726, 7727, 7729)
(326, 2373, 3572)
(2725, 6363, 6847)
(3428, 3945, 7266)
(5019, 5512, 9297)
(2062, 5200, 9799)
(4084, 6630, 7698)
(4443, 6922, 8059)
(2207, 5880, 8348)
(2070, 5386, 6826)
(2647, 3347, 7961)
(13, 473, 958)
(3394, 4123, 7540)
(4748, 5928, 6479)
(1034, 5666, 8555)
(3890, 4697, 8822)
(1480, 4505, 7791)
(6427, 8750, 9930)
(651, 1158, 8413)
(375, 3398, 4049)
(2511, 2937, 8392)
(3708, 7902, 8475)
(734, 4917, 6430)
(4008, 4674, 9224)
(1922, 6146, 7742)
(2419, 3271, 3506)
(3533, 4503, 6943)
(1391, 2156, 5447)
(1344, 3387, 6039)
(117, 6884, 8099)
(4602, 4689, 7211)
(3548, 4161, 5291)
(3471, 3551, 5607)
(217, 2828, 5492)
(2816, 4618, 6508)
(4725, 6100, 7381)
(3234, 7597, 8793)
(4754, 5509, 6798)
(3765, 4057, 6015)
(4194, 7165, 10024)
(1149, 2313, 7706)
(1000, 3916, 6078)
(2863, 7009, 9311)
(829, 4242, 8122)
(1393, 3153, 7604)
(1547, 5826, 8058)
(1422, 4912, 7092)
(1511, 3797, 3918)
(37, 3867, 5012)
(328, 3681, 5277)
(578, 2782, 4086)
(1352, 2067, 7864)
(2987, 3050, 6432)
(2221, 6714, 8685)
(3341, 4201, 4507)
(3766, 6541, 8702)
(4177, 6032, 7468)
(411, 3507, 6619)
(4084, 4349, 7489)
(192, 2356, 8747)
(2195, 2621, 3722)
(6888, 8779, 9108)
(2068, 2546, 5129)
(3667, 4170, 6044)
(3478, 5270, 8905)
(2988, 3555, 7394)
(8158, 9038, 9172)
(5179, 6159, 6939)
(2217, 5734, 6576)
(3775, 7630, 9240)
(84, 3584, 3808)
(2031, 5146, 7497)
(683, 1972, 8511)
(1125, 4185, 5895)
(3982, 4834, 8089)
(4690, 5065, 6348)
(16, 2809, 8391)
(4367, 6819, 8492)
(1876, 2161, 8821)
(143, 1145, 7462)
(3311, 5794, 6559)
(2192, 4460, 7234)
(2091, 6708, 8356)
(5130, 7773, 7978)
(865, 1241, 5929)
(4689, 6673, 7735)
(1727, 1755, 7960)
(4107, 5440, 7440)
(3031, 5522, 5680)
(932, 1779, 7015)
(434, 1406, 2841)
(5840, 7238, 8201)
(3058, 3932, 5830)
(3405, 3605, 4353)
(920, 5846, 8801)
(5521, 6151, 7297)
(1068, 4955, 5423)
(1557, 2170, 5814)
(1498, 4395, 6471)
(111, 8273, 8432)
(14, 3435, 9239)
(1116, 1390, 4984)
(7181, 7998, 8305)
(1215, 1787, 5501)
(3147, 3217, 7631)
(1946, 2462, 3626)
(8153, 8793, 9723)
(326, 2373, 8523)
(5295, 6648, 7775)
(511, 1377, 4069)
(1669, 3430, 5836)
(4899, 5963, 8810)
(3868, 6856, 7305)
(1513, 4597, 8164)
(4115, 5093, 8613)
(2540, 4672, 4868)
(2527, 2744, 9253)
(3930, 4562, 6677)
(2732, 4745, 8586)
(842, 2203, 4079)
(4392, 5684, 6578)
(558, 2150, 2507)
(2930, 3724, 6542)
(1643, 1980, 2372)
(789, 2214, 6295)
(2064, 7822, 7942)
(784, 4791, 6477)
(3262, 7663, 8369)
(3590, 3708, 7902)
(2967, 4457, 7756)
(713, 5217, 7293)
(800, 4442, 9888)
(4663, 6821, 6936)
(1798, 3017, 4228)
(3085, 4339, 4993)
(2389, 2574, 8149)
(2540, 3899, 4868)
(4614, 5927, 8912)
(2303, 7016, 7743)
(5626, 6604, 7251)
(562, 6328, 8813)
(1753, 2007, 2616)
(2755, 5067, 7744)
(443, 3900, 7012)
(1881, 6431, 7040)
(4074, 5897, 6060)
(2564, 7392, 8878)
(5216, 5304, 6555)
(3733, 4335, 8631)
(3242, 4378, 5484)
(728, 4927, 8198)
(3169, 4094, 5298)
(995, 1597, 3049)
(312, 6765, 8181)
(6118, 6953, 7367)
(2302, 3971, 4545)
(2896, 4999, 7542)
(725, 1625, 4944)
(1510, 2924, 5809)
(282, 4667, 8783)
(4114, 5279, 6694)
(1030, 1324, 2561)
(6503, 9780, 9885)
(3647, 5076, 7020)
(2723, 3603, 4446)
(4788, 5162, 6917)
(207, 1884, 5635)
(690, 1852, 3041)
(5392, 5449, 7975)
(4001, 6475, 8083)
(5015, 6861, 8572)
(263, 1043, 3712)
(3584, 4024, 5142)
(3473, 5652, 6996)
(1481, 3144, 4951)
(3723, 6330, 6864)
(3724, 6127, 7141)
(430, 1501, 6416)
(5209, 5296, 9080)
(2716, 2956, 4263)
(3645, 5178, 8877)
(5057, 8719, 9021)
(622, 2622, 8385)
(2403, 2619, 8100)
(1217, 3086, 9325)
(4900, 7053, 7236)
(3173, 8390, 8630)
(3969, 5027, 6615)
(576, 4456, 8227)
(6113, 6546, 6572)
(4411, 4663, 5291)
(3479, 5238, 6821)
(4236, 5987, 6708)
(5875, 6059, 7466)
(1638, 3596, 8521)
(241, 2029, 4885)
(2037, 8396, 8530)
(2464, 4651, 6198)
(3234, 3411, 8793)
(773, 1516, 7196)
(2910, 4508, 5755)
(1660, 1705, 9408)
(1009, 8349, 10066)
(3696, 3719, 4290)
(2848, 4724, 8593)
(893, 2014, 6865)
(4830, 5745, 8186)
(3513, 8277, 8354)
(1284, 3243, 4480)
(1451, 5877, 7678)
(5451, 5689, 7218)
(3685, 8124, 9546)
(2959, 3856, 7601)
(3311, 5794, 7451)
(1938, 2786, 7447)
(2318, 3129, 4043)
(3573, 3772, 8275)
(4663, 7084, 7498)
(2868, 3368, 5366)
(87, 464, 2827)
(2819, 4546, 8180)
(204, 2447, 7609)
(1180, 4171, 9215)
(2346, 6880, 7741)
(627, 1023, 6992)
(660, 4027, 4706)
(2118, 2604, 4876)
(3227, 5943, 8077)
(3527, 3872, 6537)
(2727, 4508, 5755)
(520, 1345, 3513)
(4640, 4861, 7907)
(2591, 5157, 7132)
(1542, 3340, 7180)
(3325, 4693, 5630)
(5906, 5926, 7369)
(506, 4412, 6736)
(6549, 6805, 7494)
(1951, 6700, 8509)
(845, 3961, 7165)
(3980, 7097, 8880)
(1662, 2553, 7144)
(2014, 3364, 4420)
(4854, 5853, 6307)
(361, 5065, 8407)
(7965, 9045, 9514)
(4151, 4723, 4864)
(3934, 5510, 5927)
(1796, 4567, 8669)
(834, 970, 6296)
(2441, 2488, 2794)
(451, 6321, 7142)
(1469, 3262, 6030)
(458, 1101, 3366)
(4961, 5762, 9322)
(22, 6160, 8882)
(3033, 4019, 5977)
(2610, 6365, 7232)
(465, 4832, 8803)
(3354, 5505, 7205)
(2089, 5385, 9218)
(3304, 5319, 6456)
(1562, 4579, 8641)
(136, 629, 1305)
(2794, 3108, 4841)
(2721, 6854, 7825)
(1644, 1897, 8228)
(2437, 7643, 7774)
(6154, 6646, 7667)
(1065, 4253, 4658)
(1468, 6304, 7034)
(2012, 2129, 2616)
(3950, 4819, 6559)
(3452, 5944, 8074)
(348, 1110, 5287)
(158, 6237, 6655)
(1909, 3359, 4024)
(719, 1089, 1445)
(4761, 5671, 9448)
(84, 1526, 3808)
(269, 5364, 9141)
(713, 2322, 4832)
(4373, 5516, 8069)
(3550, 6001, 7520)
(3519, 5526, 7442)
(2848, 4724, 5009)
(505, 5072, 9706)
(3444, 5511, 7543)
(4307, 4882, 5073)
(2347, 2901, 6321)
(1983, 2246, 6925)
(3571, 5596, 6210)
(3065, 3557, 4136)
(350, 2988, 5441)
(6335, 6914, 7252)
(4037, 4801, 6475)
(918, 4731, 8421)
(3760, 7087, 8606)
(3264, 5097, 7283)
(314, 2599, 5725)
(2702, 3718, 7449)
(1482, 2301, 4487)
(6436, 6508, 8057)
(2224, 3739, 7889)
(3456, 5613, 7147)
(808, 1872, 8418)
(6375, 6548, 7473)
(484, 4475, 8540)
(2728, 6010, 6728)
(499, 5564, 6462)
(1137, 2630, 3967)
(3725, 4167, 5739)
(1494, 4538, 5340)
(3242, 4261, 7896)
(637, 6090, 8167)
(4956, 6014, 7660)
(4469, 8210, 8324)
(4776, 4836, 7360)
(1299, 7165, 7921)
(2637, 6723, 9955)
(189, 694, 2112)
(2278, 5643, 8708)
(2196, 3676, 6140)
(320, 4499, 5314)
(1266, 1569, 7344)
(5426, 5853, 6307)
(1523, 1538, 4845)
(3075, 5362, 6829)
(2282, 5537, 9830)
(334, 1070, 2920)
(700, 4184, 9224)
(907, 1151, 1509)
(832, 4796, 8204)
(5361, 5678, 6018)
(363, 4419, 8893)
(1933, 4249, 4709)
(2720, 4053, 7531)
(564, 1055, 4964)
(851, 5281, 6451)
(2620, 4691, 6042)
(5775, 7573, 7854)
(5403, 6025, 6064)
(536, 2833, 8248)
(297, 1187, 7888)
(231, 3247, 5951)
(1783, 1949, 7310)
(829, 5433, 8122)
(3139, 3866, 7181)
(874, 3344, 4112)
(1363, 1758, 5156)
(559, 2315, 6934)
(560, 1156, 4971)
(3239, 4198, 6028)
(2712, 5909, 8268)
(1383, 2341, 7042)
(1410, 2663, 5086)
(4395, 5188, 6251)
(4277, 4497, 5183)
(3158, 7604, 8809)
(3955, 5332, 7553)
(3943, 6979, 8373)
(2692, 5207, 5296)
(1263, 6506, 9921)
(4657, 5563, 6121)
(3022, 8095, 8982)
(2182, 5586, 8577)
(6083, 6161, 6307)
(1153, 6164, 9855)
(4907, 6724, 8108)
(1523, 7836, 9378)
(1064, 1210, 5546)
(3154, 4322, 4982)
(1408, 2212, 5527)
(4870, 8749, 9719)
(6006, 7974, 9046)
(788, 5698, 8572)
(2354, 5128, 5950)
(3567, 4563, 8466)
(717, 981, 5495)
(2662, 2921, 4644)
(2905, 3774, 4435)
(4127, 4351, 6356)
(511, 4357, 4763)
(2919, 4412, 7947)
(3106, 4468, 7689)
(1601, 4130, 9114)
(3932, 5847, 9216)
(2156, 6449, 6675)
(7, 1838, 2911)
(2384, 9593, 9797)
(954, 3628, 5181)
(5419, 6769, 7052)
(2695, 4668, 8254)
(325, 5360, 6030)
(2935, 4276, 6233)
(5060, 5727, 8645)
(515, 1454, 8871)
(4446, 5773, 5995)
(666, 669, 1350)
(5049, 7452, 7533)
(1564, 7046, 8537)
(3806, 4006, 9313)
(5379, 6979, 8525)
(1390, 2546, 6425)
(3860, 5616, 6650)
(1397, 5083, 6331)
(2912, 3199, 9331)
(6077, 6247, 6366)
(1200, 1366, 3160)
(2290, 4579, 4582)
(1296, 2660, 8489)
(1129, 4119, 8294)
(2105, 3116, 6063)
(824, 5293, 5461)
(381, 570, 6110)
(535, 5721, 7565)
(3933, 4460, 5825)
(6785, 7815, 8914)
(1737, 7298, 8536)
(587, 1690, 4176)
(1346, 2535, 3137)
(5856, 8822, 9253)
(5288, 6018, 6660)
(3247, 6404, 7373)
(1580, 4289, 8505)
(4808, 6536, 7697)
(1311, 1810, 3204)
(1104, 3034, 3600)
(5259, 5844, 6074)
(2186, 5101, 7058)
(1086, 2069, 4242)
(4281, 5710, 6954)
(2387, 6048, 6399)
(4856, 8167, 9115)
(3154, 4322, 7768)
(2425, 6565, 7467)
(2454, 3545, 7887)
(4553, 6739, 9309)
(3032, 3572, 5506)
(3654, 4381, 6414)
(1017, 2902, 6132)
(3526, 7161, 8163)
(5676, 7758, 8378)
(2154, 3672, 6877)
(3633, 4952, 6881)
(6217, 6238, 6817)
(437, 989, 2094)
(5951, 6258, 6810)
(1066, 2893, 8002)
(135, 2866, 3035)
(2370, 7106, 7877)
(262, 551, 5536)
(3043, 3400, 6067)
(8953, 9245, 9616)
(3035, 3952, 5771)
(1112, 1726, 1910)
(1298, 6411, 7095)
(1238, 5357, 7275)
(2854, 3543, 8383)
(308, 3535, 8997)
(29, 1206, 2533)
(6398, 6626, 7582)
(491, 4961, 5064)
(4187, 4826, 9129)
(2327, 6580, 8101)
(2105, 4888, 6020)
(864, 2347, 2551)
(1370, 1613, 2607)
(1198, 5537, 5726)
(7579, 7918, 8379)
(3178, 3204, 6678)
(1242, 1311, 4514)
(870, 3856, 6989)
(2351, 4036, 5855)
(3058, 4166, 4441)
(3120, 9288, 9289)
(3690, 6749, 7849)
(4188, 4254, 5241)
(6128, 7188, 7448)
(2352, 4676, 7889)
(2396, 3117, 6552)
(17, 272, 2604)
(5574, 6620, 6812)
(3768, 4452, 4612)
(714, 6113, 9406)
(5479, 6513, 9213)
(1750, 6725, 8352)
(1268, 1499, 6381)
(408, 6319, 9825)
(1991, 4541, 6401)
(2489, 3010, 7839)
(963, 4592, 5069)
(5710, 5712, 6954)
(4425, 5884, 9824)
(2528, 4356, 8970)
(5522, 6598, 8426)
(341, 842, 2862)
(680, 2115, 2360)
(1134, 1566, 7883)
(2933, 3736, 9433)
(2749, 3130, 4600)
(1438, 5081, 6958)
(528, 1994, 8880)
(5756, 6040, 6761)
(342, 7193, 7321)
(7157, 7598, 7752)
(6508, 7763, 7833)
(2922, 4957, 6123)
(4710, 9388, 9845)
(1169, 1655, 8741)
(3307, 3781, 6723)
(3001, 4784, 8081)
(4360, 5314, 9145)
(3649, 6202, 8182)
(4826, 9129, 9426)
(2948, 4615, 6911)
(5851, 6245, 7036)
(984, 8561, 8589)
(4609, 5892, 7884)
(5080, 5292, 5895)
(420, 2176, 3899)
(424, 2767, 4599)
(5210, 5244, 5991)
(3139, 3866, 4496)
(2645, 7235, 7704)
(5677, 5903, 8102)
(315, 7247, 8946)
(2662, 8033, 8272)
(1722, 5509, 7548)
(1772, 4182, 4479)
(0, 994, 1970)
(3112, 5223, 7959)
(2215, 2536, 3104)
(5092, 6654, 9238)
(3042, 5538, 5922)
(2706, 6951, 8612)
(3834, 4136, 4384)
(4257, 6203, 6776)
(2991, 7052, 8795)
(1788, 2169, 5429)
(514, 7939, 8376)
(3335, 3534, 6938)
(1294, 6515, 8812)
(2626, 3348, 7382)
(734, 4917, 8704)
(2764, 3302, 6183)
(1257, 2171, 8402)
(1560, 4678, 4903)
(380, 3700, 7858)
(6395, 7691, 8939)
(5750, 6031, 7772)
(639, 1911, 5031)
(1236, 2793, 8412)
(3921, 4250, 7972)
(2483, 6697, 8211)
(2596, 5225, 6105)
(302, 5105, 5469)
(960, 2422, 6427)
(3928, 5024, 8212)
(524, 3404, 5910)
(2244, 5545, 5804)
(1164, 1187, 3616)
(1592, 2829, 5779)
(3108, 9103, 9638)
(173, 1741, 5488)
(3625, 3672, 5271)
(3639, 4489, 7356)
(2274, 4667, 6540)
(957, 4682, 7211)
(438, 462, 3962)
(3293, 3403, 5547)
(877, 4922, 6065)
(3337, 4723, 4864)
(1682, 4702, 6162)
(922, 1841, 5645)
(3842, 4751, 5810)
(884, 7255, 8461)
(2942, 6192, 6756)
(138, 4565, 6971)
(978, 7475, 7769)
(1882, 4697, 8050)
(3554, 6923, 7879)
(367, 4620, 7639)
(33, 1143, 8086)
(5303, 7079, 7560)
(1464, 6226, 9434)
(1780, 2748, 7516)
(4399, 6180, 6770)
(3039, 3205, 4550)
(1516, 6272, 6658)
(333, 1178, 2255)
(824, 5461, 8208)
(3748, 7579, 8948)
(1883, 4576, 5345)
(2697, 3953, 8221)
(2808, 3666, 5104)
(3609, 4725, 6867)
(1162, 5467, 6354)
(4890, 5899, 8908)
(2707, 7587, 8470)
(1556, 6982, 8267)
(2732, 4026, 6141)
(1051, 4388, 6346)
(1857, 4209, 8169)
(1480, 4505, 6017)
(1919, 3954, 6502)
(2209, 4151, 5036)
(2211, 2792, 4701)
(3912, 4916, 7424)
(7138, 7963, 7980)
(4065, 6641, 8804)
(835, 1228, 8094)
(8320, 9510, 9764)
(2895, 4707, 8715)
(2788, 5788, 6466)
(1412, 1484, 3029)
(202, 1375, 5554)
(447, 3927, 6153)
(6125, 6931, 7453)
(1486, 1710, 2690)
(3150, 7913, 7978)
(6772, 6912, 6976)
(2506, 3578, 4534)
(3259, 8290, 8527)
(2295, 2439, 3238)
(1115, 1693, 3032)
(1477, 2753, 5804)
(1179, 1202, 1771)
(649, 6598, 6913)
(3492, 4865, 6502)
(4613, 6299, 6469)
(270, 5215, 6564)
(5517, 6885, 8507)
(1057, 5961, 6136)
(1174, 6927, 7034)
(2529, 7263, 9040)
(1281, 2789, 5027)
(1002, 2657, 3552)
(4571, 4577, 8386)
(764, 2858, 4861)
(3376, 5914, 6371)
(2836, 2964, 4677)
(1542, 5309, 7847)
(3843, 7896, 8112)
(1541, 3509, 5397)
(358, 7154, 8599)
(1036, 4540, 7277)
(84, 1760, 3359)
(3489, 5536, 8505)
(3354, 3730, 7740)
(830, 1694, 5119)
(3575, 4280, 6436)
(3221, 6689, 6946)
(1326, 3340, 7731)
(4239, 5802, 7796)
(4449, 7346, 7434)
(986, 1712, 2908)
(5868, 8172, 9220)
(802, 1719, 3560)
(232, 1414, 5177)
(2609, 8096, 8288)
(971, 1273, 3127)
(2399, 4337, 7672)
(1287, 7103, 7841)
(2926, 4304, 7070)
(492, 5173, 7876)
(1062, 1801, 3257)
(3121, 5438, 7761)
(4910, 5102, 7569)
(5360, 5752, 5795)
(7206, 7710, 9050)
(9606, 9780, 9885)
(226, 3795, 8707)
(1273, 1297, 2065)
(5130, 7414, 8378)
(4824, 5175, 6096)
(3822, 5718, 6452)
(2960, 3131, 8188)
(2194, 4917, 8411)
(6206, 6943, 8307)
(1592, 5257, 5822)
(3365, 6295, 8580)
(311, 2069, 4913)
(5931, 6333, 7762)
(390, 2552, 7095)
(2849, 3628, 7595)
(3570, 6002, 8078)
(724, 1702, 6635)
(1346, 1871, 4227)
(3065, 4136, 5218)
(5628, 6655, 7638)
(1795, 6844, 7430)
(1457, 2722, 6956)
(6187, 6758, 7588)
(785, 1659, 6656)
(4719, 8143, 9444)
(5347, 8159, 8900)
(1169, 3522, 8182)
(2785, 5055, 8796)
(2637, 7529, 8121)
(1791, 3714, 5493)
(2174, 7786, 8070)
(2504, 6801, 6856)
(2452, 5321, 9011)
(3065, 3828, 4863)
(271, 579, 672)
(6946, 7522, 8261)
(2956, 3512, 4263)
(4011, 6495, 8945)
(1692, 5656, 8689)
(2028, 2885, 6591)
(5113, 5643, 8708)
(3479, 5238, 6753)
(2285, 3037, 6464)
(2358, 2653, 7139)
(1967, 6666, 7719)
(40, 1333, 3255)
(5900, 7967, 8389)
(5789, 7384, 7606)
(1668, 3020, 4896)
(4904, 5229, 6721)
(2486, 5422, 5774)
(3611, 5632, 8310)
(6269, 7269, 7777)
(765, 2295, 3372)
(332, 1182, 5535)
(2507, 6170, 6249)
(187, 4149, 4418)
(4889, 6208, 6642)
(5125, 6948, 7637)
(4801, 6475, 8083)
(2494, 7157, 7598)
(3993, 6033, 7356)
(1638, 3596, 7835)
(1698, 5221, 7542)
(1741, 2471, 5078)
(5082, 6344, 7223)
(3955, 4770, 5332)
(5214, 5615, 7131)
(3988, 4342, 6107)
(3772, 7088, 7365)
(493, 817, 1997)
(1246, 6739, 9309)
(407, 6744, 7799)
(2809, 2887, 3163)
(126, 2049, 2838)
(6563, 6794, 9311)
(1457, 3316, 4634)
(227, 4617, 5980)
(5813, 5835, 5915)
(1090, 2685, 4711)
(1830, 3747, 4515)
(4974, 5886, 7899)
(27, 3608, 4766)
(3171, 3528, 8594)
(104, 792, 4934)
(2919, 3254, 8147)
(522, 4475, 7173)
(2687, 4041, 5173)
(2322, 7124, 8698)
(1438, 5081, 5563)
(2568, 2667, 4894)
(552, 3931, 5686)
(4229, 5569, 7589)
(62, 929, 7253)
(2969, 4997, 8221)
(3662, 3812, 5226)
(586, 3800, 6443)
(1298, 5055, 5932)
(161, 3263, 3401)
(1990, 1995, 5025)
(1171, 4305, 4967)
(3926, 5008, 5090)
(1264, 1912, 5036)
(3151, 3308, 7107)
(19, 1665, 2168)
(1761, 1981, 4092)
(1442, 4846, 5363)
(3981, 5009, 8884)
(2495, 3650, 5283)
(1377, 7304, 8464)
(5236, 7853, 8084)
(3225, 4564, 5239)
(3893, 4110, 4673)
(5357, 6196, 7275)
(2256, 2617, 3023)
(1215, 7072, 8792)
(2392, 2586, 6842)
(3012, 3172, 8280)
(208, 1609, 7099)
(2329, 6854, 8707)
(1485, 8513, 8803)
(4143, 5898, 6516)
(2830, 6236, 7760)
(1421, 1433, 3178)
(732, 1008, 6498)
(1366, 4932, 5610)
(4966, 8870, 9991)
(958, 6382, 7476)
(2410, 6953, 7762)
(2792, 5557, 5769)
(5052, 7108, 9863)
(1768, 4248, 8698)
(2196, 3676, 4099)
(1942, 7719, 7740)
(3070, 5205, 6771)
(940, 4612, 8397)
(545, 4092, 5001)
(4088, 4998, 5842)
(2851, 5945, 6313)
(2746, 2998, 8224)
(5897, 5984, 6060)
(5612, 5947, 6118)
(1061, 6110, 8052)
(1633, 3090, 8107)
(1204, 7609, 8424)
(1016, 5237, 8664)
(3322, 8040, 8663)
(1250, 5228, 6557)
(1259, 2540, 4987)
(1179, 1771, 2620)
(1498, 6471, 7787)
(648, 3230, 3375)
(4568, 4643, 6927)
(2285, 3037, 5729)
(2557, 3558, 6522)
(4311, 5231, 8988)
(3020, 6160, 8882)
(4158, 4645, 8376)
(2404, 2534, 6616)
(362, 947, 6788)
(327, 4558, 6638)
(2991, 3740, 6688)
(6532, 6871, 7862)
(2564, 4858, 8878)
(521, 635, 5487)
(318, 5633, 8297)
(2491, 4670, 7172)
(1236, 3476, 8710)
(837, 2093, 5998)
(3335, 7589, 8178)
(631, 5302, 8504)
(1166, 4779, 5117)
(213, 1190, 7372)
(3414, 6397, 8190)
(1589, 8288, 8335)
(5701, 9515, 9521)
(1682, 2692, 6162)
(1701, 4427, 4782)
(4512, 6195, 6649)
(5071, 6837, 7458)
(334, 2920, 3849)
(108, 421, 8015)
(3222, 7901, 8262)
(1209, 6923, 7855)
(982, 1679, 4356)
(6438, 6513, 7712)
(4354, 6243, 8519)
(2464, 5491, 8696)
(4282, 5077, 7666)
(3574, 4694, 6641)
(1008, 1544, 1900)
(5180, 5202, 7148)
(2060, 5302, 5441)
(87, 535, 6790)
(39, 2714, 6123)
(1718, 5791, 6545)
(2165, 3851, 7503)
(213, 5993, 6997)
(1049, 2501, 6328)
(47, 3678, 5432)
(3275, 6120, 7265)
(618, 1836, 7154)
(1854, 7146, 7598)
(4208, 7399, 8296)
(64, 534, 5273)
(4633, 5191, 6952)
(2454, 8953, 9616)
(4970, 5420, 7075)
(2359, 7718, 7861)
(2705, 2802, 7983)
(2581, 5061, 6252)
(3641, 3726, 8009)
(5531, 5930, 7614)
(4230, 5042, 5288)
(4704, 5326, 7651)
(725, 4178, 7369)
(825, 2972, 8729)
(9729, 9737, 9919)
(6262, 6376, 9805)
(2760, 5436, 8154)
(581, 1315, 8534)
(6228, 7940, 9116)
(3051, 4147, 5720)
(1494, 4280, 5340)
(1067, 3827, 4721)
(1098, 4286, 6827)
(4188, 4601, 5241)
(3071, 4366, 5960)
(1880, 2758, 8007)
(515, 5200, 9406)
(3582, 9937, 9943)
(4656, 5468, 5979)
(2928, 3094, 8396)
(221, 3838, 6409)
(1204, 3292, 7802)
(1694, 1948, 2846)
(1649, 4351, 7155)
(873, 4957, 7182)
(5649, 6618, 8329)
(4146, 5415, 6340)
(4845, 7433, 7870)
(858, 2852, 9009)
(5002, 7632, 8866)
(3095, 4294, 7163)
(2390, 7124, 7797)
(1403, 4244, 6343)
(1086, 1874, 6879)
(3663, 4270, 4886)
(2444, 7196, 9429)
(697, 4032, 7408)
(3910, 6823, 7699)
(4354, 7151, 8519)
(1591, 5079, 7994)
(5394, 7502, 8860)
(5653, 6061, 7846)
(1220, 2332, 8638)
(590, 5289, 6573)
(921, 988, 7083)
(4962, 7737, 8471)
(523, 1979, 9093)
(4610, 7675, 7791)
(3618, 4120, 7163)
(4100, 6029, 7877)
(3959, 5678, 8601)
(6213, 6771, 7473)
(2187, 2534, 6616)
(1393, 3153, 3837)
(3582, 7091, 7184)
(2544, 5685, 8488)
(538, 6754, 8591)
(346, 1634, 4415)
(1881, 3026, 6464)
(148, 3429, 6646)
(3167, 3396, 7116)
(4034, 4813, 4950)
(77, 597, 7324)
(1478, 7692, 7694)
(2002, 6681, 8187)
(3201, 5047, 9016)
(4968, 6248, 6341)
(1734, 5171, 6632)
(2142, 3433, 3853)
(511, 1186, 4357)
(2717, 4733, 6683)
(1804, 4636, 5182)
(7736, 8663, 9486)
(1684, 2953, 3850)
(3406, 9427, 9755)
(1942, 6174, 7719)
(4584, 8390, 8630)
(1408, 2479, 5527)
(730, 2722, 4919)
(1618, 7441, 8073)
(5743, 5894, 9670)
(65, 2442, 5577)
(1882, 3327, 8050)
(541, 1264, 3142)
(2134, 6000, 7533)
(761, 7248, 7286)
(3644, 5960, 6264)
(1207, 4402, 8910)
(5740, 6655, 7638)
(5290, 5991, 6569)
(774, 1967, 7242)
(148, 2531, 7667)
(1068, 4692, 6909)
(988, 1661, 7083)
(2748, 3320, 5380)
(3886, 4225, 6170)
(5992, 6285, 6999)
(2023, 3882, 7788)
(3261, 4853, 6344)
(2178, 3852, 4929)
(2420, 3033, 5977)
(1630, 7687, 8845)
(3009, 6006, 9046)
(3928, 5382, 8636)
(6, 2523, 3738)
(567, 2018, 2805)
(2703, 4042, 4089)
(1349, 7948, 9735)
(4447, 4849, 8179)
(3672, 5271, 7049)
(327, 6116, 8054)
(605, 5957, 6892)
(488, 3458, 5901)
(361, 4621, 8407)
(689, 1181, 2762)
(638, 5850, 7098)
(2010, 2918, 6425)
(6496, 7795, 7906)
(3079, 4216, 7929)
(2074, 2737, 6667)
(841, 3241, 7808)
(1051, 1069, 5952)
(285, 2330, 6126)
(898, 3002, 5101)
(2941, 3516, 6633)
(2487, 7837, 8153)
(4011, 7206, 9050)
(1567, 3382, 6635)
(1707, 3141, 7308)
(568, 846, 5672)
(2575, 4160, 5080)
(880, 1037, 3894)
(121, 1706, 8918)
(1839, 3571, 7606)
(2550, 5465, 7035)
(1835, 4659, 8588)
(2940, 6759, 8889)
(3580, 5367, 7024)
(2280, 5700, 8629)
(5111, 5763, 6634)
(2057, 2977, 9001)
(2628, 3314, 7858)
(136, 5711, 8603)
(3934, 4506, 5548)
(595, 783, 4929)
(6532, 7562, 7998)
(801, 1603, 6204)
(488, 3458, 5694)
(2116, 3728, 5128)
(4029, 4061, 4541)
(2519, 2852, 5311)
(2857, 5748, 7018)
(1352, 2067, 5606)
(419, 2207, 7580)
(3506, 4472, 4727)
(5331, 6850, 8226)
(4815, 5275, 7690)
(3107, 4967, 5019)
(1839, 4877, 5602)
(4599, 4660, 9984)
(4989, 6119, 9708)
(2205, 2997, 8173)
(1414, 2706, 3044)
(3547, 3676, 6140)
(3679, 8111, 9771)
(1069, 3412, 8502)
(485, 1966, 6786)
(4330, 6223, 8879)
(2093, 3453, 6192)
(3360, 4481, 5523)
(6685, 7641, 9890)
(3667, 5384, 5845)
(3202, 4297, 6998)
(875, 1294, 3048)
(2615, 3618, 4120)
(1796, 5704, 6203)
(503, 5786, 8312)
(720, 1628, 4812)
(4701, 6640, 6816)
(3665, 4580, 5647)
(618, 1639, 2415)
(4953, 5604, 7044)
(3180, 7502, 8860)
(5702, 5756, 6040)
(2288, 2784, 3124)
(875, 1294, 8812)
(729, 5904, 7045)
(8950, 9160, 9263)
(800, 8528, 9899)
(1223, 5595, 8207)
(834, 6637, 8735)
(2303, 6097, 7016)
(2537, 7137, 8456)
(3711, 4905, 7329)
(3639, 4489, 4587)
(1345, 3854, 7136)
(1240, 2193, 4967)
(7518, 8672, 8919)
(3043, 6067, 8590)
(3270, 5426, 8183)
(6682, 7426, 7499)
(3247, 5838, 6934)
(3862, 5098, 7449)
(833, 3228, 7155)
(1821, 3954, 4527)
(1765, 6473, 8315)
(2273, 2364, 5397)
(397, 1697, 8981)
(2802, 4824, 5530)
(6148, 7074, 7965)
(4800, 5803, 6389)
(3861, 4071, 8090)
(1960, 4291, 7539)
(341, 5364, 7316)
(420, 1611, 6659)
(5837, 7158, 7704)
(3814, 7479, 8569)
(4431, 4590, 4798)
(848, 972, 2552)
(1799, 2996, 8913)
(1151, 2778, 8944)
(444, 4912, 8503)
(1332, 6504, 6740)
(4778, 7555, 7784)
(1170, 4387, 9296)
(3152, 4608, 5798)
(278, 1321, 7481)
(534, 1261, 3290)
(2749, 4600, 5102)
(5852, 6306, 7256)
(3115, 3172, 7587)
(3975, 5716, 7970)
(2728, 4559, 6010)
(1584, 3462, 8092)
(4941, 6053, 8534)
(6392, 7061, 9312)
(5391, 5526, 7023)
(5275, 7250, 7690)
(1371, 1628, 3306)
(1077, 4780, 6217)
(2028, 6155, 9083)
(3350, 4448, 6130)
(3261, 7031, 9125)
(1387, 7244, 8896)
(3429, 8281, 9217)
(3877, 5330, 6139)
(951, 3535, 9047)
(1795, 6844, 6964)
(795, 1243, 4576)
(957, 4602, 7211)
(1598, 5136, 6292)
(3385, 6905, 8476)
(674, 3682, 3917)
(2098, 3613, 7799)
(1488, 5751, 6164)
(2002, 2187, 7249)
(1138, 4490, 4885)
(5178, 7064, 7345)
(3258, 5077, 6225)
(4980, 6025, 7713)
(7120, 7372, 8360)
(4852, 5679, 8993)
(415, 1853, 5109)
(3173, 9653, 10068)
(553, 2740, 7938)
(1602, 6174, 6666)
(4739, 8258, 8321)
(2581, 4102, 6461)
(4281, 4992, 7685)
(791, 3860, 9740)
(1329, 2324, 5858)
(2041, 4164, 5552)
(5467, 5544, 5604)
(2021, 3259, 5733)
(916, 2136, 7272)
(1341, 2490, 4620)
(2134, 4109, 6611)
(839, 2885, 4912)
(1279, 1778, 4375)
(339, 354, 4349)
(52, 2934, 5978)
(6888, 8199, 9108)
(4224, 5529, 7815)
(3363, 5160, 7254)
(4537, 5858, 7868)
(8262, 9665, 9769)
(1692, 4689, 8573)
(1127, 9262, 9573)
(1136, 1612, 6773)
(2130, 6323, 6830)
(4344, 5812, 8074)
(6117, 6303, 7987)
(692, 1743, 6662)
(3405, 3605, 6870)
(6114, 7343, 7803)
(428, 2987, 5654)
(3345, 4727, 7438)
(2409, 5941, 7865)
(3896, 5157, 7022)
(1130, 4354, 7110)
(476, 2808, 6463)
(1477, 1955, 6564)
(1617, 6112, 8578)
(2578, 4765, 4850)
(693, 5327, 7168)
(1318, 4115, 7513)
(6581, 8908, 9052)
(1191, 1370, 4442)
(4963, 5582, 6239)
(3156, 5388, 6935)
(3162, 5368, 6421)
(5728, 9195, 9850)
(1083, 4651, 7955)
(4485, 6975, 8194)
(3418, 5383, 6415)
(1989, 2843, 3743)
(3847, 3974, 6467)
(140, 1728, 7662)
(3134, 3560, 6882)
(5507, 5829, 6561)
(1581, 2515, 4288)
(3977, 5240, 5484)
(3751, 5184, 6374)
(133, 6632, 7577)
(653, 1102, 7027)
(4758, 6554, 8700)
(3698, 6122, 9013)
(2689, 3875, 7474)
(7566, 8015, 8416)
(1177, 2863, 8067)
(2965, 3789, 7137)
(2704, 3355, 5480)
(3127, 3549, 6847)
(575, 904, 6779)
(6283, 6808, 7061)
(3120, 7092, 8840)
(2356, 8384, 8747)
(393, 4826, 6935)
(760, 3913, 9094)
(2613, 5449, 7975)
(1401, 3364, 4420)
(2647, 2702, 7961)
(6068, 8416, 9619)
(945, 3174, 4102)
(120, 2402, 6476)
(2001, 5155, 7884)
(1739, 8129, 8581)
(1861, 3537, 8202)
(2954, 3662, 4444)
(2464, 4651, 5491)
(1925, 4398, 7221)
(1815, 4556, 7973)
(2146, 3927, 5956)
(1096, 3497, 8151)
(998, 2418, 8382)
(1498, 3276, 5188)
(2785, 5055, 7482)
(2637, 6197, 7529)
(4240, 4432, 8884)
(1079, 4617, 6519)
(1573, 3775, 6636)
(4443, 6360, 7559)
(2161, 5543, 7059)
(712, 5488, 8968)
(1269, 2403, 4806)
(3430, 4758, 8388)
(526, 4295, 9337)
(1875, 2742, 8580)
(226, 3795, 7968)
(794, 4625, 5079)
(3520, 4883, 8598)
(2388, 3618, 4375)
(5595, 7691, 9821)
(5503, 6758, 7764)
(917, 9210, 9335)
(3174, 6588, 7111)
(3749, 4331, 8462)
(2826, 4097, 4517)
(1157, 2695, 5669)
(3379, 6227, 7738)
(2530, 3309, 8576)
(5464, 5686, 8256)
(117, 5403, 6884)
(653, 1102, 6617)
(2211, 2792, 6968)
(689, 2762, 4598)
(757, 5578, 5872)
(3744, 6556, 8185)
(460, 1111, 6039)
(1712, 2717, 4733)
(2513, 7209, 9917)
(1214, 2044, 5413)
(1339, 7205, 7636)
(1363, 2129, 6585)
(2688, 5775, 6150)
(2104, 2272, 3779)
(813, 5061, 8947)
(492, 1340, 7001)
(1097, 3192, 4119)
(134, 2372, 3486)
(544, 2942, 4285)
(1166, 1971, 4779)
(2659, 3787, 4078)
(2425, 4798, 6565)
(168, 6199, 7296)
(5478, 6629, 8257)
(2550, 7035, 8282)
(2090, 4279, 4994)
(124, 1370, 4217)
(4766, 5016, 5499)
(1508, 5942, 7528)
(2699, 6726, 8483)
(3996, 7113, 8272)
(2825, 3615, 3925)
(576, 1027, 9439)
(610, 1132, 2277)
(2198, 6209, 8670)
(7965, 9514, 9871)
(1741, 2471, 5488)
(3320, 6372, 6507)
(2337, 2433, 6844)
(3656, 3993, 5133)
(1149, 2582, 8300)
(1348, 2223, 8113)
(4533, 5182, 7470)
(5060, 5341, 8645)
(1980, 2584, 9110)
(432, 1245, 2772)
(4390, 5110, 5833)
(1394, 4726, 5495)
(233, 2669, 3944)
(2517, 4578, 6861)
(4121, 4179, 6703)
(3450, 8839, 9005)
(2864, 3064, 3743)
(5105, 6157, 7821)
(5735, 6721, 7900)
(4918, 7323, 8194)
(2417, 4332, 8598)
(165, 1248, 6277)
(1504, 3699, 5445)
(213, 1190, 6314)
(4695, 4816, 5818)
(3541, 3574, 8484)
(3067, 4449, 7434)
(966, 1154, 4135)
(3984, 5938, 7054)
(4569, 4679, 6813)
(7028, 9453, 9757)
(1108, 5446, 6875)
(1711, 9510, 9764)
(647, 1257, 2759)
(932, 1779, 6533)
(231, 4714, 5951)
(3172, 7377, 8280)
(7295, 7532, 9216)
(1220, 8013, 9331)
(2183, 5859, 6534)
(5497, 6302, 7164)
(7474, 7687, 8043)
(3019, 3203, 5722)
(1162, 3424, 3983)
(3106, 4108, 5728)
(2078, 2927, 4104)
(2618, 3561, 4247)
(3324, 5446, 6460)
(3756, 4662, 7269)
(4149, 5165, 9598)
(546, 3225, 4603)
(4572, 5767, 5919)
(1041, 5198, 6232)
(1664, 2346, 3114)
(151, 5972, 7230)
(1222, 2905, 5787)
(2088, 3371, 4266)
(1577, 2183, 7454)
(1888, 6096, 6814)
(1079, 4617, 6335)
(1353, 5197, 7895)
(3898, 5048, 9123)
(870, 5652, 6996)
(3028, 3148, 4494)
(2416, 5212, 5955)
(3117, 5608, 6552)
(3496, 3599, 8998)
(122, 5068, 7910)
(1611, 2892, 6349)
(3432, 6783, 8735)
(4757, 6868, 7396)
(5043, 5919, 9431)
(6351, 6886, 6970)
(3781, 4197, 4438)
(3431, 7654, 7881)
(7645, 9864, 9918)
(6008, 8003, 8063)
(890, 5901, 7504)
(448, 1143, 8086)
(2003, 4453, 5436)
(6153, 7056, 8367)
(731, 5187, 5356)
(6983, 7739, 9084)
(1170, 3333, 5949)
(2560, 2945, 3179)
(5655, 6243, 8304)
(5252, 9858, 9977)
(990, 3224, 8152)
(2507, 4225, 6170)
(131, 6787, 8266)
(1491, 7682, 8080)
(3008, 6558, 9645)
(3736, 5183, 7388)
(1669, 6214, 8700)
(500, 3256, 7626)
(1898, 5424, 7546)
(663, 1999, 7322)
(4112, 7472, 7792)
(3716, 4214, 4719)
(785, 2039, 6656)
(5077, 7253, 9039)
(343, 545, 6696)
(970, 3802, 4858)
(14, 1687, 3417)
(184, 2214, 4577)
(355, 1216, 6289)
(1158, 7204, 7904)
(2026, 5396, 6869)
(721, 1212, 7955)
(2044, 5413, 8364)
(1140, 6612, 7279)
(5627, 6529, 6980)
(5464, 8256, 8377)
(2126, 3260, 3423)
(3696, 6505, 8737)
(71, 2155, 4860)
(4058, 5746, 6539)
(4277, 8030, 9319)
(2602, 5280, 5489)
(1252, 8464, 9048)
(684, 3214, 8251)
(2188, 5297, 6908)
(4462, 7078, 8189)
(634, 1413, 6730)
(5411, 7654, 7881)
(2514, 3448, 5376)
(3122, 4035, 4189)
(2984, 6005, 8043)
(1835, 2022, 5891)
(236, 1042, 1113)
(310, 3490, 7021)
(1259, 1496, 4790)
(6003, 6206, 7404)
(3663, 5714, 6614)
(3643, 7020, 8279)
(5339, 6268, 7861)
(2177, 2436, 5709)
(1149, 4386, 7386)
(3391, 8427, 9401)
(5903, 6142, 6324)
(3642, 4140, 4911)
(3175, 3450, 9005)
(899, 1104, 3600)
(5524, 5695, 6767)
(5400, 8199, 9108)
(4949, 9212, 9462)
(1928, 2172, 7451)
(3631, 7852, 8278)
(2081, 8672, 9323)
(1067, 4721, 4767)
(113, 2087, 6311)
(2339, 4080, 6080)
(200, 2039, 2381)
(1515, 5953, 6800)
(1372, 2585, 4773)
(3505, 7064, 7732)
(2449, 4577, 5744)
(4128, 4857, 5278)
(196, 2922, 7790)
(2459, 5803, 9625)
(2480, 7130, 7714)
(3686, 5075, 5914)
(140, 8642, 8691)
(5641, 7655, 8185)
(2395, 2492, 2523)
(708, 7084, 8230)
(3358, 6026, 6495)
(2847, 7380, 10070)
(5138, 6177, 7347)
(1503, 3903, 4241)
(2659, 8165, 8472)
(408, 9362, 9825)
(5682, 5845, 8048)
(2141, 6668, 6717)
(4028, 7785, 9321)
(1851, 5012, 8480)
(5584, 5738, 6082)
(1547, 4268, 7318)
(27, 3608, 7658)
(1879, 3273, 6371)
(8416, 9420, 9712)
(3102, 4407, 6498)
(2331, 2434, 2612)
(2995, 5367, 9871)
(1790, 4855, 7546)
(7517, 9455, 9523)
(1909, 3359, 3487)
(2280, 2504, 5700)
(274, 5376, 5471)
(786, 4898, 8258)
(459, 3078, 3474)
(5187, 7150, 7268)
(4010, 6402, 8891)
(3168, 3317, 3470)
(6702, 9292, 9553)
(2958, 4570, 6215)
(2554, 3550, 6937)
(222, 4072, 6202)
(3709, 4066, 8343)
(691, 1181, 4300)
(3474, 6691, 7684)
(1180, 3480, 5121)
(2638, 2850, 8488)
(115, 994, 1970)
(7001, 7876, 8526)
(115, 994, 8702)
(1829, 5020, 8247)
(1663, 1946, 2462)
(2189, 8106, 8124)
(3839, 9093, 9419)
(2051, 6332, 6430)
(2943, 6242, 6783)
(2940, 5270, 8889)
(1301, 8607, 8722)
(5811, 7194, 8494)
(2812, 4692, 8071)
(3868, 7013, 7087)
(4925, 5958, 8925)
(4877, 5789, 7606)
(1755, 5377, 6209)
(4162, 4717, 5792)
(2279, 4458, 5004)
(6293, 7245, 7662)
(175, 3239, 4340)
(4180, 7229, 9456)
(2268, 6155, 7092)
(33, 5067, 8086)
(358, 1392, 5141)
(1904, 4414, 6855)
(2656, 7602, 8903)
(4580, 7850, 8423)
(1355, 1960, 9007)
(1946, 9658, 9919)
(850, 1870, 2548)
(1660, 5528, 7676)
(2122, 3101, 7284)
(496, 2277, 8080)
(980, 4365, 6514)
(4108, 5728, 7500)
(285, 2330, 5705)
(1364, 1566, 9022)
(376, 4412, 5697)
(750, 3629, 7128)
(5289, 7668, 8098)
(1570, 2028, 5807)
(7261, 7325, 9140)
(5580, 6975, 7117)
(108, 758, 3188)
(3667, 4893, 6300)
(581, 1315, 6719)
(3661, 4430, 7494)
(2147, 2814, 3377)
(1362, 6466, 6968)
(4686, 5863, 5918)
(731, 925, 6995)
(3517, 3989, 5546)
(2174, 7201, 8359)
(170, 230, 349)
(2324, 4400, 9611)
(1062, 1801, 1873)
(1959, 7326, 8575)
(2107, 4660, 5499)
(2809, 2887, 7801)
(3981, 6353, 6373)
(5171, 5490, 6253)
(254, 7349, 7696)
(429, 915, 6511)
(7027, 7495, 8171)
(3022, 3831, 4594)
(4646, 8878, 9233)
(585, 2210, 3465)
(1384, 7768, 9644)
(2831, 3197, 3593)
(2828, 5399, 8425)
(1456, 5309, 5374)
(393, 782, 1364)
(3321, 5465, 6734)
(1924, 5878, 6926)
(1470, 4436, 5343)
(2291, 6742, 8890)
(1503, 3903, 5205)
(8196, 8201, 8477)
(874, 7037, 7412)
(661, 2172, 8158)
(2563, 2742, 6735)
(397, 2613, 8981)
(247, 6046, 7114)
(1321, 7481, 8590)
(1823, 4031, 7671)
(4584, 4722, 5285)
(329, 750, 6768)
(1796, 4822, 8005)
