32768
32769
2
32771
38230
32774
7
8
10
32779
12
32770
15
16
32786
32787
20
32789
22
23
24
26
27
28
32797
32
34
35
36
37
38
39
41
42
43
44
45
46
47
48
32776
52
53
55
58
59
60
61
62
63
64
65
66
67
69
70
71
72
74
75
76
77
78
79
80
83
84
85
86
87
88
89
90
91
92
93
94
95
96
97
98
99
101
102
32871
104
105
106
107
32876
38193
110
111
112
113
114
115
117
118
119
120
121
122
123
124
125
126
127
128
129
130
131
132
133
134
135
136
138
139
140
142
143
144
145
146
148
149
150
152
153
154
155
156
157
158
159
160
161
162
163
165
166
167
168
32796
170
171
172
173
174
32943
176
32945
178
179
180
181
182
183
184
185
186
187
188
32957
190
191
192
32961
32962
195
196
197
198
199
200
32969
32970
203
204
205
32974
32975
33826
32978
212
213
32982
215
216
217
218
219
221
32990
223
32992
39288
226
38267
228
32997
231
232
38268
234
33004
38269
33008
37753
243
246
247
248
250
251
252
253
255
256
257
258
259
260
262
263
265
266
267
268
269
270
271
272
274
275
277
278
38276
282
283
284
286
287
288
32816
290
291
292
293
294
295
296
297
298
299
300
301
33070
303
304
305
306
307
308
309
310
312
313
33082
315
316
317
318
319
321
322
323
324
326
33095
328
33097
330
33099
332
333
334
335
336
337
338
339
340
341
343
344
345
346
347
348
350
351
352
353
355
356
357
358
359
360
361
363
365
366
33135
368
33137
370
371
372
373
374
375
376
377
378
379
380
381
382
383
33152
385
386
387
33156
389
390
391
392
393
394
395
396
397
398
399
400
401
402
403
404
405
33174
407
408
409
410
411
412
33181
414
33183
33184
33185
418
419
422
33191
424
33193
427
428
429
33198
33200
32840
33203
38302
439
441
442
38303
446
447
38304
451
453
454
455
456
457
33226
459
460
38306
462
463
464
39296
467
469
473
475
476
477
479
483
485
486
489
38311
33260
493
494
495
496
38312
498
499
500
501
502
503
504
505
506
507
508
509
510
511
512
513
514
515
516
517
518
519
520
38316
522
523
524
525
526
527
528
529
530
531
532
533
33302
535
536
537
538
539
540
541
542
543
545
547
548
549
550
551
552
553
554
555
33324
557
558
559
560
561
563
564
565
566
567
568
38324
570
571
572
573
33343
576
577
33346
579
33348
581
582
583
585
586
587
33356
589
590
591
592
593
594
595
596
597
33366
599
600
601
602
603
33372
605
606
33375
608
33377
610
611
612
613
614
615
33384
33385
618
33387
620
621
33390
33392
626
627
33396
33397
630
631
33400
633
635
636
637
639
641
643
645
646
647
648
649
650
652
36029
659
661
663
665
666
667
671
673
674
675
676
33446
32881
680
39503
682
38343
684
32882
686
687
688
691
692
695
696
698
699
700
701
702
703
704
705
706
707
708
712
713
714
715
716
717
718
719
720
721
722
723
724
725
726
727
728
729
730
732
733
734
735
736
737
33506
33507
740
741
742
743
744
745
746
33515
748
749
750
751
752
753
754
755
756
757
758
760
33529
35135
32895
764
765
766
767
768
769
33539
772
773
774
775
776
778
779
780
781
33550
783
784
785
786
787
788
789
33558
791
792
793
794
795
796
33565
33566
799
800
801
802
803
804
805
806
807
808
33577
810
811
812
813
814
33583
33584
817
818
33587
33588
821
822
823
33592
33593
826
33595
828
829
830
33599
832
33602
835
33604
838
839
840
33609
843
844
33613
33614
33616
849
850
851
852
33622
39309
38372
858
859
860
861
863
865
866
867
868
872
873
874
875
876
878
880
881
882
38195
884
886
887
889
890
893
894
895
896
897
898
899
900
32918
902
903
905
906
907
908
909
910
33679
33680
913
33682
915
916
917
918
919
920
921
923
924
926
929
930
931
933
934
935
33704
937
938
939
940
33710
32925
944
945
946
947
948
33717
950
951
952
953
954
955
956
33725
958
959
960
961
962
963
964
965
966
967
968
969
970
971
972
973
974
33743
976
33745
978
980
981
982
983
984
985
986
987
33757
990
991
992
993
994
995
996
997
998
999
1000
1001
1002
32935
1004
1005
1006
1007
1008
1009
1010
33779
1012
1013
33782
32937
1016
1017
1018
1019
1020
1021
1022
1023
1024
1025
1026
1027
33796
1029
1030
33799
33800
32940
1034
1035
33804
33805
33806
1039
33808
1042
1043
1044
1045
33814
33815
36042
1050
1051
1052
33822
32944
1058
1059
1062
33831
1064
1066
1067
32946
1071
1072
1073
1074
1075
1076
1077
1078
38409
1080
1081
33852
1085
32949
33856
1090
1091
1092
32950
1095
1097
1099
1100
1101
1102
1104
32952
1106
1109
33878
1111
1112
1113
1114
1116
1117
1118
1119
1120
1121
1122
32955
1124
1125
1126
38417
1128
1129
1130
1131
1132
1133
1134
1135
1137
1138
1140
1141
1142
1143
1144
1145
33914
1147
1149
33918
1151
1152
1153
1154
1155
1156
33925
1158
1159
1160
1161
1162
1163
33932
1165
1166
1167
1168
1169
1170
1171
1172
33942
33943
1176
1177
1178
1179
1180
33949
33950
1183
1185
1186
1187
1188
1189
1190
1191
1192
1193
1194
1195
1196
1197
1198
1199
1200
1201
1202
1203
1204
1205
33974
1207
33976
1209
1210
1211
33980
1213
1214
1215
1216
1217
1218
1219
1220
1221
1222
1223
1224
1225
1226
1227
33996
1229
1230
1231
1232
1233
1234
1235
34004
1237
1238
1239
32775
34009
1242
1243
34012
1245
34014
1247
1248
34018
1251
1252
34021
1254
1255
1256
1257
1258
34027
38260
1262
1263
1264
1265
1267
1269
1270
1271
1272
1274
1275
39323
1277
1278
1279
1280
1281
1283
1284
1285
1286
1287
1288
1289
32983
1292
1294
1295
1296
1298
1299
34068
1301
1302
34071
1304
1307
1308
1310
1312
1313
1314
39825
34084
1318
1319
1321
1322
1323
1324
1325
1327
1329
1330
38451
1332
1333
34102
1335
1336
1337
1338
1340
34109
1343
34112
1345
1347
1348
1349
1350
1351
1352
1354
1355
1356
1357
1358
1359
1360
1361
1362
34131
1364
1365
1366
1367
1368
1369
34138
34139
1372
1373
34142
34143
1376
34145
1378
1379
1382
1383
1384
1385
1386
1388
1389
1390
1391
34160
1393
1394
1395
1396
34165
1398
1399
1401
1402
1403
1404
1405
1406
1408
1409
34178
1411
1412
1413
1414
1415
1416
1417
1418
1419
1420
1421
1422
1423
1424
1425
1426
1427
34196
1430
34199
1432
1433
1434
1435
1436
1437
1438
1439
1440
1441
1442
34211
34212
34213
34214
34215
34216
34217
34218
1451
34220
1454
34223
34225
34226
1460
1461
1462
1463
1464
1466
1469
1470
34965
34241
34242
38475
38760
1479
1481
1482
1483
1484
1485
1486
1487
1489
1490
1493
1495
1498
1499
1500
1501
1502
1503
1504
1505
1506
1507
1508
1509
1510
1511
34282
1515
39945
38482
1518
1519
38240
1522
1524
1525
1526
1527
1528
1529
1530
1531
1532
1534
34303
1536
1537
1539
1540
1541
1542
1543
1544
1546
1547
1549
1550
34319
34320
1553
1554
34323
1556
1557
1558
34327
1560
1561
1562
1563
34332
38490
1566
1567
1569
1570
1571
1572
34341
1574
1575
34344
38369
34346
1579
1580
34349
1582
34351
1584
1585
1586
1587
1588
1589
1590
1591
1592
1593
1594
38495
1596
1597
34366
1599
34369
34370
34371
1604
1605
1606
1607
1608
34377
34378
1611
1612
1613
39291
1615
1616
1617
34386
1619
1620
1621
1622
34391
1624
1625
34394
1627
1628
1629
1630
1631
1632
1633
1634
1635
34404
1637
1638
1639
1640
34409
1642
34411
1644
1645
1646
1647
34416
1649
34418
34419
1652
1654
34423
1656
34425
1658
34427
1660
1661
1662
34431
1664
34434
1667
1668
1669
34438
34439
1672
38508
1674
37154
1676
1677
1678
1679
1680
34449
1682
34451
38510
1687
1688
1690
38511
1692
1693
1694
1695
1696
1697
1698
1700
1701
1702
38513
1705
1706
1707
1709
1710
1711
1712
1713
1715
1716
1717
1718
34487
1721
1722
1723
1725
1727
1729
1730
1731
1732
1733
1735
1736
1737
1738
1739
34509
34511
1744
1746
1747
1748
1749
1750
1751
34520
33060
1754
1755
1756
1757
1759
34528
34529
34530
1763
1764
1765
1767
1768
1769
1770
1771
1772
1773
1774
1775
34545
34546
1779
1780
1781
34550
1783
34552
1785
1786
1787
1788
34557
1790
38249
1792
1793
34562
34563
34564
1797
1798
34567
1802
1803
1804
38530
1806
34575
1808
34577
34579
1812
1813
1814
1815
1816
1817
1818
1819
1820
1821
1822
1823
1824
1825
1826
34595
1828
1829
1830
1831
34600
34601
34602
1835
1836
1837
1838
1839
1840
1841
1842
1843
1844
34613
1846
34615
1848
1849
1850
1851
34620
1853
34622
34623
34624
1857
1858
1859
34628
1861
1862
34631
34632
34633
33887
1867
34636
1869
1870
1871
34640
1875
1876
38542
1878
33081
1880
1881
1882
1884
34653
1886
1887
1890
1891
1892
1893
1895
34664
1897
1899
1900
1901
1902
1903
1904
1905
38547
1908
1909
1910
1912
1913
1914
37162
1916
38549
34688
34689
1923
1924
38550
1926
1927
1931
1932
1933
1934
34703
1936
34705
1938
1939
1940
1941
38553
1944
33092
1946
1947
1948
1949
34718
1951
1952
1953
34722
1955
34724
33094
1959
1960
1961
34730
1963
1964
1965
1967
1968
1969
34738
1971
34740
1973
34742
1975
34744
1977
1978
1979
1980
1981
1982
1983
34752
1985
34754
1987
1989
1990
1991
1992
1993
1994
1995
1996
1997
1998
1999
2000
38256
2002
2003
34772
33102
2007
2008
2009
2010
2011
34780
34781
2014
2015
2017
2018
2019
2020
2021
2023
2024
2025
2026
2027
2028
2029
2030
2031
2032
2033
34802
2035
2036
2037
2038
2039
2040
2041
2042
2043
2044
2045
2046
2047
2048
2049
2050
2051
2052
2053
2054
2055
2056
2057
34826
2059
34828
34829
34830
2063
34832
34833
34834
2067
34836
34837
34838
33113
34840
34841
2074
2075
2076
34845
2078
2079
2080
2081
2082
2083
2084
2085
2086
34855
34856
33116
2090
2091
2092
2093
2095
2096
2097
2098
2099
2100
2102
2106
34875
2110
34879
2113
2115
2120
34889
2123
2126
2127
2129
2130
2132
2133
2136
2137
2138
2139
2140
2141
2142
2143
2145
2148
2149
2150
2151
34921
2154
2156
2158
2159
2160
2162
2163
34933
2166
2167
2168
2169
34938
34939
2174
2175
2176
34945
34946
34947
34948
2181
34950
2183
2184
2185
2186
2187
2188
34957
2190
2191
34961
2194
2195
2196
2197
34966
34967
34968
34969
2202
2203
2205
34974
2207
2211
2212
2213
39295
34984
2217
2218
34987
34988
2221
2222
2223
2224
2225
2226
2227
2228
2229
2230
2231
2232
2233
2234
2235
2236
2237
2238
33141
2240
2241
2242
2243
2244
2245
35014
2247
2248
2249
2250
2251
35020
34991
35022
2255
2256
33144
2258
2259
35028
2261
2262
2263
2264
2265
2266
35035
35036
2269
35038
2271
2272
35041
35042
33147
2276
35045
35046
2280
2281
35050
35051
2284
2285
35054
2287
2288
35057
2290
2291
2292
2293
35062
2295
35064
2297
2298
2299
2300
2301
35070
2303
2304
2305
2306
35075
2308
2309
2311
2312
2313
2314
2316
2317
2318
35087
35088
2321
2322
33155
2324
2327
2329
2330
2331
35100
2334
33157
2337
2338
2339
35108
33158
2342
2343
2344
2345
2346
33159
2348
2349
2351
2352
2353
2355
2356
2357
2359
2360
2361
2363
2364
2365
2366
2367
2369
35138
33163
35140
35141
2374
35143
2376
33164
35147
2380
2381
2382
33165
2384
2385
2386
2387
2388
2389
2390
2391
2392
2393
2394
2395
2396
2397
2398
2399
35168
2401
2402
2403
35172
2405
2406
2407
2408
2409
2410
35179
2412
2413
2414
2417
2418
33171
2420
36023
2422
2423
2424
33172
2426
2427
2428
2429
2430
2431
2432
2433
35202
2435
35204
2437
2438
2439
2440
2441
2442
2443
2444
2445
2446
2447
2448
33176
2450
2451
2452
35221
2454
2455
2456
35225
35226
2459
2460
2461
2462
2463
2464
2465
35234
2467
2468
2469
2470
2471
2472
33180
2474
35243
35244
2477
2478
2479
35248
2481
2482
35251
2484
2485
2487
35256
35257
35258
2491
35260
2493
2494
2495
2496
35265
2498
2499
2500
32817
2502
2503
35272
2505
2506
35275
2508
2509
2510
35279
2512
2513
2514
2515
2516
2517
2518
35287
35288
2521
2522
2523
2524
2525
35294
2527
2528
35297
2530
35299
2532
33190
35304
38652
37887
2539
35308
2541
35310
2543
2544
33192
2547
2548
2549
2551
2553
2554
2555
2556
2557
2558
2559
2560
38656
2563
35332
35333
2566
2567
2568
2569
2570
36024
2573
2574
2575
2577
2578
35347
2580
35349
2582
35351
2584
2585
2586
2587
2588
2589
2590
2591
2592
2593
2594
2595
2596
2597
2598
2599
2600
35369
35370
35371
35372
35373
35374
2607
35376
35377
2610
2611
2612
2613
2615
2616
2617
2618
2619
2620
2621
2622
2623
2624
2626
2627
35397
2630
2631
38277
2633
2634
35403
2636
35405
35406
2639
2640
2641
2642
2643
2644
2645
2646
2647
2648
2649
2650
2651
2652
2653
2654
2655
2656
35425
2658
2659
2660
35429
2662
2663
2664
2665
2666
2667
2668
2669
2670
2671
2672
2673
35442
2675
2676
35445
35446
35447
35448
2681
35450
2683
35452
2685
2686
35455
2688
2689
35458
2691
2692
2693
2694
2695
2696
2697
35466
35467
2700
35469
2702
2703
35472
2705
2706
2707
2708
2710
2711
35480
2713
35482
2715
2716
2717
35486
35487
35488
2721
2722
2723
2724
2725
2726
2727
35497
2730
2731
35007
2735
2736
2737
2740
35510
35514
2747
2748
2749
2750
2753
2754
35523
2756
2757
2758
35527
2760
2761
2762
2763
2764
33917
2768
2769
2770
2771
2772
2774
35544
35545
2778
2779
2781
2782
2783
35552
2785
2786
2787
2789
2790
2791
35560
2794
2795
2796
35565
2798
35567
2800
35569
2802
35571
2804
35573
2806
2807
2808
2809
2810
35579
35580
2814
2815
2816
2817
35586
35587
2820
2821
2822
2823
2824
2825
2826
35595
2828
2829
2830
35599
2832
2833
2834
2836
2837
35606
35607
2841
2842
35611
2844
2846
2847
2848
2849
2850
2851
2852
2853
2854
2855
2856
2857
2858
2859
2860
2861
2862
35631
2864
2865
2866
2867
2868
2869
35638
2871
2872
2873
2874
2875
2876
2877
2878
2879
2880
2881
2882
2883
35012
2885
35654
35655
2888
2889
2890
35659
2892
2893
2894
2895
35664
2897
2898
2899
35668
35669
35670
2903
2904
2905
35674
2907
35676
2909
2910
2911
35680
2913
2914
2915
2916
2917
2918
35688
35689
35690
2923
2924
2925
2926
35695
2929
2930
2931
2932
35701
35702
33257
2936
2937
2938
2939
2941
35710
2945
2946
35716
35717
2950
35719
2952
2953
35722
35724
2957
2958
2959
2960
2961
2962
35731
2964
2965
2966
2967
2968
38724
2970
2971
2973
2974
35743
2977
2978
35747
35748
2981
2983
2985
2986
2987
35756
35758
2991
2992
2993
35762
35763
35764
2997
2998
2999
3000
35769
35770
3004
3005
3006
3007
3008
3009
3010
3011
3012
3013
35782
3015
3016
3017
35786
3019
3020
35789
3022
3023
3024
33272
3026
3027
3028
3029
3030
35799
3032
3034
3035
3036
3037
3038
3039
3040
38736
3042
3044
35813
3046
38737
3048
3049
35819
3052
3053
35822
3055
3056
3057
3058
3059
3060
3061
3062
3063
3064
3065
3066
3067
35836
35837
35838
3071
3072
3073
3074
3075
35844
35845
35846
35847
3080
3081
3082
3083
3084
3085
35854
3087
3088
3089
35858
35859
35860
3093
3094
35863
35864
35865
35866
3099
35868
3101
35870
3103
35872
3105
3106
3107
35877
3110
3112
3113
35882
35883
3116
35886
35887
3120
3121
3122
35891
35892
3125
3126
3127
3129
35898
35899
3132
3133
3134
3135
3136
38752
35906
35908
3141
3142
35911
35912
33292
3147
35916
3150
3152
35922
35923
3156
3157
3158
35927
3160
35929
3163
3164
3165
3166
3167
3168
3171
3172
38758
3174
35943
3176
3177
35946
3182
3184
3185
3187
3188
3189
35958
3191
3192
3193
35962
3195
3196
3197
35966
33301
3200
3201
35970
3203
3204
35973
3206
3207
3208
3209
3210
35979
3212
35981
3214
3215
35984
3217
35986
3219
35988
3221
3222
33305
3224
3225
35994
35995
35996
3229
3230
35999
3232
3233
3234
36003
3236
3237
36006
3239
3240
3241
3242
3243
35024
38770
36014
3247
3248
36017
3250
3251
3252
33310
3254
3255
3256
3257
3258
33311
3260
3261
3262
36031
3264
3265
3266
36035
3268
3269
36038
3271
3272
3273
3274
3275
3276
3277
3278
3279
3280
36049
3282
3283
36052
3285
3286
3287
3288
36057
3290
3291
3292
3293
3294
3295
36064
36065
3298
3299
3300
36069
3302
3303
3304
3305
36074
3307
3308
3309
36078
36079
3312
3313
36082
3315
3316
3317
3319
3320
3321
3322
36091
3324
3326
3327
3329
3330
33323
3332
36101
3334
36103
3336
36105
3338
36107
3340
36110
3343
3344
36113
3346
3347
36116
36117
3350
3351
3352
3353
3354
33327
37210
3357
3358
3359
36128
36129
3362
36131
3364
36133
36134
3367
36136
3369
3370
3371
3372
3373
3375
3376
3377
3378
3380
36149
3383
3386
3387
3388
3389
36158
3391
3392
3393
36162
3395
3396
3397
3398
3399
3401
3402
3403
3404
36173
36174
3407
3408
33336
3410
36179
3412
36181
36182
3415
3416
3417
3418
36187
3420
3421
3422
3423
35375
3425
3427
3428
3429
36198
36199
3432
3433
36202
3435
36204
3437
36206
3439
36208
3441
36210
3443
3444
36214
3447
3448
3449
3450
3451
3453
35031
36223
3456
3458
3459
3460
3461
3462
3463
3464
36233
36234
3467
3468
3469
3470
36030
36240
3473
3474
3475
3476
3477
3478
3479
3480
3481
3482
3483
3484
36253
3486
3487
36256
3489
3490
3491
3492
3493
3494
3495
3496
36265
3498
3499
3500
3501
3502
36271
3504
36273
36274
36275
36276
36277
36278
3511
3512
36281
35033
3515
36284
36285
36286
3519
3520
3521
3522
33355
36292
36293
36294
3527
36296
36297
3530
3531
3532
36301
36302
3535
3536
36305
3538
3539
3540
3541
3542
3543
3545
3546
33359
3548
3549
3550
36319
36320
3553
36322
36323
36324
36325
36326
3559
34503
3562
36331
36332
3565
3566
3567
3568
33363
3572
36341
3574
3575
3576
3577
3578
3579
36348
3581
3582
3583
3584
40491
3586
36355
39400
3591
3592
3593
3595
3596
3597
3598
3599
3600
3601
3602
3603
3604
3605
3606
33369
3608
3609
36378
36379
3612
3613
3614
36383
3616
3617
3618
3619
3620
36389
3622
36391
3624
3625
3626
36395
3628
36397
3630
3631
36400
3633
36402
3635
36404
3637
3638
3639
36408
3641
36410
3643
36412
3645
36414
36415
3648
33376
36419
3652
3653
3655
36424
3657
3658
3660
33378
3662
3663
3664
3665
3666
3667
3668
3669
3670
3671
3672
3673
3674
3675
36444
3677
3678
3679
3680
3681
3682
3683
3684
3685
3686
3687
3688
3689
3690
33383
3692
3693
36462
36463
3696
36465
3698
36467
3700
3701
3702
3703
3704
3705
36474
3707
34586
3709
3710
3711
3712
36481
3714
3715
36484
3717
36486
3719
3720
3721
36490
3723
36492
3725
36494
3727
3728
3729
3730
3731
32858
36501
3734
36503
36504
3737
3738
3739
3740
36509
3742
3743
3744
3745
36514
3747
3748
3749
3750
36132
3752
36521
3754
3755
3756
33394
3758
36527
3760
3761
33195
3763
36532
36533
3766
36535
36536
3769
36538
36539
36540
3773
3774
36543
36544
3777
36546
3779
36548
3781
36550
3783
3784
36553
3786
3787
3788
3790
3793
3795
38862
3799
3800
3801
3802
36571
3804
36573
3806
36575
3808
3809
36578
3811
3812
3813
3814
36583
3816
3817
3818
3819
3820
3821
3822
3823
36592
3825
3826
36595
36596
3829
3830
3831
3832
36601
36602
3835
3836
36605
3838
36607
3840
3841
3842
3843
3844
3845
36614
3847
36616
3849
3850
36619
3852
3853
3854
36623
36624
36625
3859
3860
36629
3862
36631
3864
3865
3866
3867
3868
3869
3871
3872
3873
3874
3875
3876
3877
3878
35401
3880
3881
3882
3883
3884
36653
36654
3887
3888
3889
3890
3891
3892
3893
3894
3895
36664
3897
3898
3899
3900
3901
36670
36671
3904
3905
3906
3907
36676
3909
3910
3911
3912
36681
3914
3915
3916
36685
36686
36687
3920
3921
3922
3923
36692
3925
3926
36695
3928
3929
3930
36699
36700
3933
36702
36703
3936
3937
36706
3939
3940
36709
3942
36711
3944
36713
3946
3947
36716
3949
36718
3951
3952
3953
36722
3955
3956
3957
36726
3959
3960
36729
3962
3963
36732
36733
36734
36735
3968
3969
36738
36739
36740
36741
36742
3975
36744
3977
3978
3979
3980
3981
36750
36751
36753
3986
3987
36756
3989
36758
3991
36760
36761
36762
3995
3996
3999
4000
36769
4002
4004
4005
4006
4007
4008
4010
36779
4012
4013
4014
36783
4016
4017
36786
4019
36788
4021
36790
36791
4024
38900
4027
4028
4029
4030
4031
4032
36801
4034
4035
4036
4037
4038
4039
4040
4041
36810
36811
4044
36813
36814
36815
36816
36817
4050
36819
4052
4053
36822
36823
36824
4057
4058
4060
36829
36830
4063
4064
4065
36834
36835
36836
4069
36838
4071
36840
4073
36842
36843
34070
36845
4078
4079
4080
4081
4082
4083
4084
4086
4087
4088
4089
4090
4091
36860
4093
4094
4095
4096
4097
4098
4099
4100
4101
4102
4103
4104
4105
4106
4107
4108
36877
4110
4111
4112
4113
36882
4115
4116
4117
4118
4119
4120
4121
36890
36891
4124
4125
4126
4127
36896
36897
4130
36899
4132
4133
4134
36903
4136
36905
36906
36907
4140
4141
4142
4143
4144
4145
4146
36915
4148
4149
4150
4151
36920
36921
4154
4155
36924
4157
4158
4159
36928
4161
4162
36931
4164
4165
36934
4167
36936
36937
4170
4171
36940
36941
4174
4175
36944
4177
4178
4179
36948
36949
36950
4183
36952
4185
36954
36955
36956
4189
4190
4191
4192
4193
36963
4197
36966
36967
4201
36970
36971
36972
4205
4206
4207
36976
33965
36979
4212
36983
36984
36985
36986
4219
4221
4222
38330
4224
36993
36994
4227
4228
4229
4230
33473
4232
37001
37002
4235
4236
4237
4238
4239
4240
4241
4242
4243
4245
4246
37015
4248
37017
4250
4251
4252
37021
4254
4255
4256
37025
37026
37027
37028
37029
37030
4263
37032
4265
4266
4267
37036
4269
37038
4271
4272
33480
37042
4275
4276
4277
4278
33481
37048
37049
37050
4283
4284
4285
4286
4287
37056
4289
4290
4291
4292
4293
4294
4295
4296
37065
4298
4299
4300
4301
4302
4303
4304
4305
4306
4307
4308
4309
4310
4311
4312
37081
4314
37083
37084
4317
4318
4319
4320
4321
4322
4323
4324
37093
37094
37095
4328
37097
4330
4331
4332
4333
4334
4335
37104
37105
4338
37107
4340
4341
4342
4343
37112
37113
4346
4347
4348
4349
37118
4351
4352
37121
4354
4355
37124
4357
4358
4359
4360
4361
4362
4363
37132
4365
4366
37135
37136
4369
37138
4371
37140
37141
37142
33497
37144
37145
4378
37147
37148
33498
4382
4383
4384
37153
4386
37155
4388
4389
37158
37159
40159
33500
4394
4395
37164
4397
37166
37167
4400
4401
37170
4403
37172
33502
4406
37175
4408
4409
4410
33503
37180
4413
37182
37184
38655
37186
4419
37188
37189
37190
4423
37192
37193
4426
37195
4428
4429
37198
37199
4432
4433
37202
37203
4436
4437
37206
38969
4440
33508
4442
4443
4444
37213
4446
33509
4448
4449
4450
4451
37220
37221
37222
4455
37224
37225
37226
33511
4460
37229
37231
4464
37233
37234
37235
4468
37237
4470
4471
37240
37241
4474
4475
37244
4477
37246
4479
4480
37249
37250
37251
37252
4485
4486
4487
37256
4489
4490
4491
4492
4493
4494
4495
4496
4497
4498
4499
4500
4501
4502
4503
37272
4505
4506
4507
4508
4509
4510
4511
4512
4513
4514
4515
4516
37285
37286
4519
4520
4521
37290
4523
4524
4525
37294
4527
37296
4529
4530
4531
37300
4533
37302
35067
4536
4537
4538
4539
37308
37309
37310
33525
4544
4545
37314
4547
4548
37317
37318
4551
4552
37321
4554
4555
4556
37325
4558
4559
4560
33528
37330
37331
37332
37333
4566
4567
4568
4569
4570
4571
4572
37341
4574
37343
4576
4577
37346
4579
37348
37349
4582
37351
37352
33532
37354
4587
37356
4589
4590
4591
37360
4593
37362
4595
37364
37365
4598
4599
4600
37370
37371
37372
37373
4606
4607
37376
4609
37378
4611
37380
37381
4614
37383
36365
37385
4618
37387
37388
37389
4622
37347
37393
37394
4627
4628
37398
37399
4632
32888
37402
37403
37404
37405
4638
37407
4640
37409
37410
4643
4644
33542
4646
4647
37416
37417
4650
33543
4652
4653
4654
4655
4656
4657
37426
4659
37428
4661
37430
32889
4664
4665
4666
4667
4668
37437
37438
4671
4672
4673
37442
37443
37444
37445
37446
4679
4680
33548
37450
4684
4685
4686
4687
37456
37457
4690
37459
4692
4693
37462
37463
4696
37465
4698
4699
4700
4701
4702
4703
4704
33552
4706
4707
4708
37477
4710
4711
4712
4713
4714
4715
4716
4717
4718
4719
4720
4721
4722
4723
37492
4725
37494
4727
4728
37497
4730
4731
4732
4733
37502
4735
4736
4737
4738
4739
37508
37509
36165
37511
4744
37513
37514
4747
4748
37517
4750
37519
37520
4753
4754
4755
37524
4757
4758
4759
4760
32953
37530
37531
4764
4765
4766
4767
37536
37537
4770
4771
4772
4773
4774
4775
4776
33564
37546
4779
33984
4781
4782
4783
37552
37553
37554
37555
37556
37557
4790
37559
37560
4793
37562
37563
4796
4797
37566
37567
37568
4801
4802
4804
4805
37574
33569
37576
37577
4810
37579
37580
32894
37582
37583
37584
37585
37586
33571
4820
4821
4822
39033
37592
33572
4826
37595
37596
37597
33573
4832
37601
4834
37603
4836
4837
4838
4839
4840
4841
37610
4843
4844
37613
37614
37615
4848
33576
4850
4851
37620
4853
37622
4855
37624
4857
4858
37627
4860
4861
36169
4863
4864
4865
37634
33579
4868
37637
37638
37639
37640
4873
4874
4875
40534
4877
4878
33581
37648
4881
37650
4883
37652
4885
37654
4887
4888
37657
4890
4891
4892
37661
37662
4895
4896
37665
37666
4899
4900
4901
4902
4903
37672
37673
4906
4907
4908
4909
37678
37679
4912
4913
4914
4915
4916
4917
4918
4919
37688
4921
4922
37691
37692
4925
4926
4927
4928
4929
4930
4931
4932
4933
4934
37703
37704
4937
4938
4939
4940
4941
4942
4943
37712
4945
4946
4947
4948
4949
4950
4951
4952
37721
37722
4955
4956
4957
37726
4959
37728
37729
37730
4963
4964
4965
37734
37735
4968
4969
37738
4971
4972
4973
4974
4975
4976
37745
37264
4979
4980
33598
37750
4983
37752
4985
4986
37755
4988
4989
37758
4991
37760
4993
4994
4995
4996
37765
4998
37767
37768
5001
37770
5003
5004
37773
37774
37775
5008
5009
5010
33603
37780
37781
37782
5015
37785
37787
5020
37789
5022
32901
37793
37794
37795
5028
37797
37798
37799
37800
37801
37802
37803
37804
37805
5038
5039
37808
37809
37811
5044
5045
5046
5047
37816
37817
5050
5051
5052
5053
5054
5055
5056
5057
5058
33611
37828
5061
5062
5063
5064
5065
5066
5067
5068
37837
37838
37839
37840
37841
37842
37843
5076
37845
5078
5079
5080
37849
37850
37851
37852
37853
37854
37855
5088
37857
5090
5091
37860
5093
37862
5095
5096
5097
5098
5099
37868
5101
37870
37871
5104
5105
5106
37875
5108
5109
5110
37879
37880
5113
5114
5115
5116
5117
5118
5119
5120
5121
5122
5123
5124
5125
5126
5127
5128
5129
5130
5131
5132
5133
5134
5135
5136
5137
5138
5139
5140
5141
37910
5143
5144
5145
5146
37915
5148
32784
5150
37919
37920
5153
5154
5155
5156
5157
37926
37927
5160
33628
37930
37931
5164
37933
5166
5167
5168
37937
37938
37939
5172
5173
5174
5175
37944
37945
5178
5179
5180
5181
5182
5183
37952
5185
5186
37955
5188
5189
5190
5191
5192
5193
37962
5195
37964
5197
37966
37967
37968
37969
5202
37971
5204
37973
5206
37975
5208
5209
37978
37979
5212
37981
5214
37983
37984
37985
5218
5219
37988
37989
5222
5223
37992
37993
37994
37995
37996
37997
33999
37999
38000
38001
38002
38003
5236
38005
38006
38007
5240
38009
38010
5243
38012
5245
38014
5247
38016
38017
38018
38019
5252
38021
5254
5255
5256
33644
38026
38027
5260
5261
5262
38031
5264
38033
5266
5267
5268
5269
5270
5271
5272
38041
5274
38043
5276
5277
5278
5279
5280
38049
5282
38051
5284
5285
5286
5287
5288
5289
5290
38059
38060
38061
5294
5295
38064
5297
38066
5299
38068
38069
5302
5303
38072
5305
38074
5307
5308
38077
38078
38079
5312
5313
38082
5315
38084
38085
5318
5319
5320
5321
5322
5323
5324
5325
5326
5327
5328
5329
5330
5331
5332
5333
5334
5335
5336
5337
5338
5339
5340
5341
5342
38111
5344
5345
5346
38115
38116
5349
5350
5351
5352
5353
5354
5355
5356
5357
5358
38127
38128
5361
5362
5363
5364
5365
5366
38135
38136
38137
38138
5371
5372
5373
5374
38143
5376
33664
5378
5379
38148
5381
5382
5383
38152
5385
5386
38155
38156
33666
38158
5391
38160
5393
5394
38163
5396
38165
38166
5399
5400
34792
5402
38171
38172
38173
5406
38175
38176
5409
5410
38179
35170
5413
5414
38183
38184
38185
38186
5419
38188
38189
5422
5423
38192
5425
38194
5427
38196
5429
38198
5431
38200
38201
38202
38203
38204
38205
5438
5439
5440
38209
38210
38211
5444
38213
5446
38215
38216
38217
38218
5451
32959
38221
5454
38223
5456
38225
38227
5461
5462
5463
5464
38233
35098
38235
38236
38237
5470
5471
5472
38241
38242
38243
38244
38245
5478
5479
5480
5481
38250
5483
38252
38253
5486
38255
5488
5489
38258
5492
5493
5494
38263
38264
38265
5498
5499
5500
5501
38270
38271
38272
38273
38274
38275
5508
5509
38278
38279
5512
38281
5514
5515
5516
5517
38286
5519
5520
5521
5522
5523
5524
5525
5526
5527
38296
5529
5530
5531
38300
38301
5534
5535
5536
5537
5538
5539
5540
5541
5542
5543
5544
33692
5546
5547
5548
5549
5550
5551
38320
38321
5554
5555
5556
38325
5558
5559
5560
5561
5562
38331
38332
38333
38334
38335
5568
5569
38338
5571
38340
5573
38342
5575
38344
38345
5578
38347
5580
38349
5582
38351
38352
5585
5586
38355
38356
5589
5590
5591
38360
5593
5594
5595
5596
38365
38366
33701
38368
5601
38370
38371
5604
38373
38374
5607
5608
38377
38378
38379
38380
5613
38382
5615
38385
38386
38387
38388
38389
38390
38391
38392
5625
5626
38395
5628
33706
38398
38399
38400
5633
5634
38403
38404
5638
38407
38408
5641
38410
38411
5644
38413
38414
38415
5648
5649
5650
38419
38420
38421
5654
38423
38424
38425
38426
38427
38428
38429
38430
38431
38432
38433
38434
38435
38436
5669
5670
5671
38440
5673
5675
5676
5677
38446
5679
5680
5681
5682
5683
5684
5685
5686
5687
5688
5689
5690
38459
38460
38461
5694
5695
5696
38465
5698
5699
5700
5701
5703
38472
38473
38474
5707
38476
38477
5710
38479
38480
33720
5714
38483
5716
5717
38486
5719
5720
5721
5722
5723
38492
33722
5726
5727
5728
5729
5730
5731
5732
5733
5734
5735
38504
5737
5738
5739
5740
5741
5742
5743
38512
5745
5746
5747
5748
5749
5750
5751
38520
5753
5754
5755
5756
5757
5758
5759
5760
33728
5762
38531
5764
5765
5766
33729
38536
38537
5770
38539
38540
5773
5774
38543
38544
5777
38546
5779
38548
5781
5782
5783
5784
5785
5786
5787
5788
38557
5790
5791
5792
38561
5794
5795
5796
33734
5798
5799
38568
38569
38570
5803
5804
5805
5806
38575
5808
5809
5810
38579
38580
38581
38582
5815
38584
5817
38586
38587
38588
5821
38590
5823
38592
38593
5826
38595
38596
38597
38598
38599
5832
38601
38602
5835
38604
38605
38606
5839
5840
33179
38610
5843
5844
5845
38614
38615
38616
38617
38618
5851
5852
38621
5854
38623
5856
33744
38626
5859
38628
34020
5862
38631
38632
32929
5866
5867
38636
38637
5870
38639
38640
38641
38642
38643
5876
5877
38646
5879
5880
38649
38650
36203
5884
5885
5886
5887
5888
5889
5890
5891
38660
5893
5894
32930
5896
38665
38666
5899
38668
38669
38670
5903
38672
33752
5906
5907
38676
38677
38678
5911
5912
38681
38682
5915
38684
5917
38686
38687
5920
5921
5922
5923
5924
5925
38694
39217
5928
5929
5930
5931
5932
5933
5934
5935
5936
5937
5938
5939
5940
33758
5942
5943
38712
5945
5946
5947
5948
5949
5950
5951
5952
5953
5954
5955
5956
5957
38726
5959
5960
38729
38730
5963
5964
33762
5966
5967
5968
5969
38738
5971
5972
5973
38742
38743
38744
5977
5978
5979
5980
38749
5982
5983
5984
32933
38754
38755
5988
33766
5990
38759
5992
5993
38762
5995
38764
38765
5998
37298
6000
6001
6002
38771
38772
6005
6006
6007
38776
38777
33789
34025
6012
33770
6014
6015
6016
38785
33771
38788
6021
38790
38791
38792
33772
38794
38795
6028
37299
38798
33773
6032
38801
38802
38803
38804
33774
38806
38807
6040
38809
6042
33775
6044
38813
6046
38815
38816
33776
38818
6051
38820
38821
6054
6055
38824
38825
38826
38827
38828
33778
6062
38831
6064
38833
38834
6067
38836
38837
6070
38839
6072
6073
6074
32936
38844
38845
38846
33781
38848
38849
6082
6083
38852
6085
38854
38855
6088
6089
38858
6091
38860
38861
6094
6095
6096
33784
6098
38867
6100
38869
6102
33785
6104
38448
6106
6107
6108
33786
38878
6111
6112
38881
6114
6115
38884
38885
38886
38887
6120
6121
38890
38891
38892
38893
6126
6127
6128
6129
6130
38899
6132
6133
6134
6135
6136
6137
6138
6139
6140
6141
38910
6143
6144
6145
6146
6147
38916
6149
38918
6151
38920
6153
6154
6155
6156
6157
6158
6159
6160
6161
6162
6163
6164
6165
6166
6167
38936
6169
6170
38939
6172
6173
6174
6175
6176
6177
6178
6179
38948
6181
6182
38951
6184
38953
38954
6187
38956
6189
6190
6191
38960
6193
6194
6195
6196
38965
6198
33801
6200
6201
38970
6203
38972
6205
38974
6207
6208
38977
6210
33803
6212
6213
6214
38983
38984
6217
38986
38987
38988
38989
38990
38991
6224
32941
38994
32960
38996
38997
38998
38999
6232
6233
39002
33807
39004
39005
39006
39007
6240
6241
39010
39011
39013
6246
39015
39016
39017
39018
39019
6252
33810
39022
6255
39024
39025
39026
6259
39028
6261
39030
39031
39032
6265
39034
39035
39036
6269
39038
39039
39040
39041
39042
39043
6276
6277
6278
6279
39048
39049
39050
6283
39052
39053
6286
39055
6288
6289
39058
6291
6292
39061
6294
39063
6296
6297
39066
6299
6300
6301
6302
6303
39072
6305
6306
39075
39076
6309
39078
39079
39080
6313
39082
6315
39084
6317
6318
39087
6320
39089
6322
6323
6324
6325
6326
6327
39096
6329
39098
6331
6332
6333
6334
6335
39104
39105
6338
6339
6340
39286
6342
6343
39112
39113
6346
6347
6348
6349
6350
6351
6352
6353
6354
6355
6356
6357
39126
6359
39128
6361
6362
6363
6364
6365
6366
6367
6368
6369
6370
6371
6372
6373
6374
6375
39144
6377
6378
6379
39148
6381
6382
6383
39152
6385
38402
6387
6388
39157
6390
6391
39160
6393
39162
6395
6396
6397
6398
39167
6400
6401
39170
6403
39172
6405
6406
6407
6408
39177
39178
39179
6412
6413
39182
39183
39184
39185
6418
39187
6420
39189
39190
39191
6424
39193
39194
6427
39196
39197
6430
6431
37543
39201
39202
32948
6436
39205
39206
33841
39208
6441
39210
6443
6444
39213
39214
6447
39216
6449
39218
6451
39220
39221
39222
39223
38285
39225
6458
39227
39228
39229
6462
6463
39232
39233
39234
6467
39236
39237
6470
39239
6472
39241
39242
39243
39244
6477
39246
39247
39248
6481
6482
6483
39252
39253
39254
6487
6488
39257
39258
39259
39260
39261
6494
6495
39264
39265
39266
6499
39268
6501
39270
6503
6504
6505
39275
39276
39277
39278
6511
39280
39281
39282
6515
6516
6517
6518
6519
6520
39289
39290
6523
39292
39293
6526
6527
6528
39298
6532
6533
39302
6535
6536
6537
39306
6539
6540
6541
6542
6543
39312
39313
6546
6547
6548
39317
6550
39319
6552
6553
6554
6555
39324
6557
6558
6559
6560
6561
6562
6563
6564
6565
6566
6567
6568
6569
6570
6571
6572
6573
6574
39325
6576
6577
6578
39347
6580
6581
6582
39351
39352
6585
39354
39327
6588
39357
6590
6591
39360
6593
6594
39363
39364
6597
6598
39329
39368
6601
39370
6604
39330
6606
6607
39376
39377
6610
6611
39380
6613
6614
32954
39384
6617
39386
39387
6620
6621
6622
6623
39392
39393
6626
39395
39396
39334
39398
6632
39401
6634
39335
39404
33874
39406
39407
39408
6641
39410
39412
39413
39414
39337
39416
39417
39418
39419
6652
39338
39422
6655
39424
39425
39426
39339
6660
39429
39430
6663
6664
6665
39434
33879
39436
6669
6670
6671
39440
39441
39442
32956
39444
39342
39446
39447
6680
39449
6682
6683
39452
39453
6686
39455
6688
6689
39458
35615
6692
6693
6694
6695
39464
39465
39466
6699
6700
6701
39470
6703
39472
6705
39474
6707
6708
6709
6710
39479
6712
6713
6714
6715
39484
6717
6718
39349
6720
39489
39491
6724
39350
39494
39495
6728
39497
39498
39499
6732
6733
6734
6735
6736
6737
6738
39507
39508
39509
39510
39353
6744
6745
6746
6747
39516
39517
6750
6751
6752
39521
6754
39355
6756
6757
39526
39527
6760
39356
6762
6763
6764
6765
6766
39535
6768
6769
6770
6771
6772
6773
39542
6775
6776
6777
6778
39359
6780
6781
6782
6783
6784
6785
39554
6787
6788
6789
6790
6791
6792
6793
6794
6795
6796
6797
39566
6799
6800
39569
39570
39571
39572
6805
38416
39575
6808
39577
6810
6811
6812
6813
6814
39365
6816
39585
6818
39587
39588
6821
39590
6823
6824
6826
39367
39596
6829
39598
39599
39600
39601
39602
6835
6836
6837
39606
39369
6840
39609
39610
39611
36235
6845
39614
39615
39616
39617
39618
39619
39620
39621
6854
39623
6856
39372
6858
6859
6860
39629
39630
6863
39632
6865
38418
39635
6868
39326
6870
39639
39640
6873
39642
39375
6876
6877
39646
39647
39648
6881
39650
39651
39652
39653
32963
39655
39656
39657
39658
39659
6892
39378
6894
6895
39664
39665
39666
39379
39668
39669
6902
6903
6904
6905
6906
39108
6908
39677
6910
39381
39680
33920
6914
6915
32964
6917
6918
6919
6920
6921
39690
39383
6924
6925
6926
36889
39696
6929
37329
39699
39700
39701
6934
39385
39704
33924
39706
39707
39708
39709
39710
6943
39712
6945
32965
39715
39716
33926
6950
6951
6952
6953
6954
33927
6956
6957
6958
6959
6960
6961
6962
39731
39732
6965
6966
33929
6968
6969
39738
39391
6972
39741
6974
39743
6976
6977
6978
6979
6980
6981
6982
6983
6984
6985
6986
6987
6988
6989
6990
6991
39760
6993
6994
39763
6996
6997
6998
6999
39768
7001
39770
7003
7004
38454
7006
7007
7008
33936
39778
39779
7012
7013
39782
7015
7016
39785
7018
7019
7020
7021
7022
7023
39792
7025
7026
7027
39796
7029
39798
7031
39800
7033
7034
7035
32968
7037
7038
39807
7040
7041
7042
39403
39812
39813
39814
39815
7048
39817
39818
39819
39820
39821
39405
39824
33944
39826
39827
39828
39829
7062
7063
39832
39833
39834
39835
39836
7069
7070
39839
7072
39841
7074
33947
39844
39845
7078
7079
37334
7081
39850
39851
39852
7085
38191
38635
35152
39857
39858
7091
7092
39861
7094
34963
39864
39865
39866
39867
39868
39869
7102
39871
39872
39873
7106
7107
7108
39877
37335
33953
39880
39881
7114
39415
7116
39885
7118
7119
7120
7121
7122
33955
7124
39893
32971
39895
7128
7129
7130
39899
7132
39901
39902
7135
39904
7137
7138
7139
37336
7141
7142
39911
7144
39420
39914
33959
39916
39917
7150
39421
7152
7153
7154
7155
32972
7157
7158
7159
7160
7161
7162
7163
39932
7165
39934
7167
39936
39937
37337
33963
7172
7173
7174
39943
7176
33964
39946
7179
7180
7181
7182
7183
7184
7185
7186
7187
7188
33966
7190
7191
7192
39428
7194
33967
7196
7197
7198
7199
7200
7201
39970
7203
7204
7205
7206
7207
7208
7209
7210
7211
39980
7213
7214
7215
7216
39432
7218
33971
7220
39989
7222
7223
7224
33972
7226
7227
7228
7229
39998
7231
40000
40001
7234
39435
40004
7237
40006
7239
40008
40009
40010
33975
7244
34964
40014
39437
40016
40017
33000
7251
40020
39438
40022
33977
40024
40025
40026
39439
40028
33978
7262
40031
40032
40033
40034
33979
7268
7269
40038
40039
7272
40041
40042
40043
40044
40045
40046
33981
40048
40049
7282
7283
7284
7285
40054
40055
40056
40057
7290
33983
7292
40061
40062
7295
40064
7297
7298
7299
40068
40069
40070
33985
40072
7305
40074
7307
40076
33986
40078
7311
40080
39448
40082
33987
38322
7317
40086
7319
37342
33988
7322
7323
7324
7325
40094
7327
7328
7329
7330
7331
7332
33990
40102
7335
40104
7337
38238
33991
40108
40109
7342
7343
7344
33992
40114
40115
40116
39454
40118
33993
40120
40121
40122
7355
40124
33994
7358
7359
7360
7361
7362
7363
7364
7365
7366
39457
40136
7369
40138
7371
40140
7373
40142
33997
7376
7377
7378
7379
7380
33998
40150
7383
40152
7385
7386
7387
35162
7389
7390
7391
7392
7393
7394
7395
7396
7397
7398
7399
7400
7401
7402
7403
40172
7405
7406
40175
40176
7409
7410
7411
7412
40181
7414
7415
7416
40185
7418
40187
7420
40189
7422
34005
7424
7425
7426
39467
7428
34006
40198
40199
40200
39468
7434
34007
40204
7437
7438
39469
40208
7441
7442
7443
7444
7445
40214
7447
40216
40217
40218
39471
7452
34010
40222
40223
40224
7457
7458
34011
40228
40229
40230
39473
40232
40233
40234
38438
7468
40237
40238
34013
40240
40241
40242
39475
40244
40245
40246
40247
40248
7481
40250
7483
7484
40253
40254
39477
38239
40257
40258
40259
40260
39478
7494
40263
7496
38439
7498
40267
40268
40269
40270
40271
7504
39480
40274
40275
40276
40277
40278
7511
40280
7513
40282
40283
40284
7517
7518
40287
40288
40289
40290
39483
40292
34022
40294
7527
40296
7529
7530
40299
7532
7533
40302
39485
7536
34024
40306
40307
40308
7541
7542
7543
7544
40313
40314
7547
40316
7549
7550
40319
7552
39488
40322
7555
40324
7557
40327
40328
7561
7562
40331
7564
40333
40334
40335
40336
40337
40338
40339
40340
40341
7574
40343
40344
39492
40346
7579
40348
7581
7582
7583
40352
34032
7586
40355
40356
7589
7590
7591
40360
7593
7594
7595
7596
7597
7598
35169
7600
7601
7602
7603
7604
40373
7606
7607
7608
7609
7610
7611
40380
7613
7614
40383
40384
7617
7618
7619
40388
40389
40390
7623
39331
39500
7626
7627
7628
7629
40398
39501
40400
34040
40402
7635
7636
39502
40406
7639
7640
40409
40410
7643
7644
40413
40414
38444
40416
7649
7650
40419
7652
7653
40422
39505
40424
37149
40426
7659
40428
39506
7662
34045
40432
40433
40434
40435
40436
7669
40438
40439
40440
40441
40442
7675
40444
38445
7678
40447
40448
40449
40450
40451
40452
39450
40454
7687
40456
38895
40458
39511
40460
40461
40462
40463
40464
7697
40466
40467
40468
40469
34926
7703
40472
40473
7706
40475
40476
7709
40478
40479
40480
7713
40482
39515
7716
7717
40486
40487
40488
40489
40490
7723
7724
7725
7726
40495
7728
7729
40498
40499
40500
7733
40502
7735
40504
38447
7738
39519
40508
40509
40510
7743
7744
7745
7746
7747
40516
7749
40518
40519
40520
7753
40522
7755
40524
39522
7758
7759
40528
7761
7762
7763
40532
40533
7766
7767
7768
7769
40538
40539
7772
7773
7774
39525
7776
7777
40546
7779
7780
40549
40550
7783
40552
40553
40554
7787
7788
7789
40558
40559
40560
39528
7794
40563
7796
7797
7798
7799
40568
7801
7802
7803
7804
7805
7806
7807
7808
7809
7810
7811
7812
7813
7814
7816
39532
7818
7821
7822
7823
7824
7825
7826
7827
7828
39534
7831
7833
7834
7835
7838
38896
7840
39536
7842
7843
7844
7847
7848
7851
7853
7854
7857
7859
7861
7864
36269
39541
34087
34081
7882
39543
7884
38452
39544
37361
39545
7899
39546
7906
39547
34086
7911
39548
7914
7915
38453
39549
7920
7923
39333
39550
7926
34089
39551
37545
7933
7937
7941
7943
7946
7947
7948
7950
7954
39555
7956
39115
7958
39556
7962
7965
7967
7971
7973
7976
38455
7979
7983
39560
7986
35171
39561
7997
7998
8000
8001
8002
8003
8004
8005
8006
8007
8008
8009
8010
8011
8012
8013
8015
8016
8018
8019
8020
8021
8022
8025
8027
8029
8030
8031
8032
8033
8036
38457
8041
8044
8046
8047
8048
8050
8051
8053
40425
8056
8057
34111
8060
8063
8065
8066
38458
39574
34113
8077
39576
8083
8087
8089
8091
39578
8096
39579
8104
39580
8108
39581
34120
8117
8118
8123
8124
8128
8129
34123
8132
8133
34124
8139
8141
8142
34125
8145
8146
8149
8151
8153
8154
34127
8156
8158
8159
8160
8161
8163
8165
8166
34129
8168
8171
8172
34130
8175
8176
8177
8178
8180
8181
8183
8184
34132
8186
38462
39553
8190
34133
39595
8200
8201
8202
34135
8205
8207
8208
34136
8210
8212
8214
8215
8216
8217
8218
8219
8220
8221
8222
8226
8227
8228
8229
8230
8231
8232
34140
8234
8235
8236
8237
8238
8239
39603
8244
8247
8248
8249
36282
34144
8261
8262
8264
8265
8266
39607
8269
8270
8272
39608
34147
36062
8281
8296
39612
8300
39613
39557
38466
8310
8311
8316
35193
8322
36717
8329
37982
8333
8334
8335
8336
38467
34158
8347
8350
8351
8353
8355
8357
8358
8359
8361
8362
8363
39559
8365
8366
8367
8368
8369
34163
8372
8373
8374
39625
34164
8379
39626
39627
8388
8389
8390
8391
39628
38469
8401
8404
8408
8410
8411
8412
34170
8414
8416
8417
8418
8419
8420
8422
8423
8424
8425
8426
8427
8429
8430
34173
8434
8438
8440
8441
8443
8446
8447
34176
8450
8453
39562
8455
8458
8459
8460
8461
8462
8463
8465
8467
8471
34180
8476
8477
8479
8480
8481
8482
39643
8484
34182
39644
34183
38375
34184
8498
8501
34185
34186
38464
8511
39564
34187
39649
8520
34188
8523
34189
8528
35409
34190
8537
8538
34191
8542
8543
39565
34192
8548
8549
8551
8556
8557
8561
8562
8563
8564
8565
8566
8569
8573
8574
8580
34198
8585
8591
8592
8593
8594
8597
8598
34201
8601
39663
39567
34202
8610
8611
8616
8617
8619
8620
8621
38683
8623
8624
8625
8626
8627
8628
8629
8630
8631
8632
8634
8635
8636
8637
8638
8640
34208
8643
8644
8645
8646
8647
8648
8650
8651
8652
8653
40429
8656
39672
8661
39673
8664
8665
8666
38478
39674
8670
8672
8674
39675
35410
35205
39676
8682
8685
8689
38247
8694
8696
8698
8699
34219
35206
39681
34115
39682
39683
34222
8729
8731
8733
39685
8736
8739
8740
39686
34116
39687
8748
8750
33749
8757
8758
39689
34228
8763
8767
39691
8775
8776
39692
8778
8781
8783
39573
34232
8787
8788
39694
8790
8792
8793
39695
36300
34234
40514
8800
8801
8802
8803
8804
8806
39697
8808
39698
34237
8816
8820
8822
8823
8824
8825
8826
8827
8828
8829
8830
8831
8832
8833
8834
8835
8836
8837
8838
8839
8840
8841
8842
38248
8844
8846
8847
8848
8849
8850
8851
8852
8853
8854
8855
8856
8857
8860
8862
8863
39423
8871
8872
8873
8874
8875
8876
8878
8882
8883
36303
8887
8888
38903
39711
8899
39713
34252
8906
39714
8910
36304
8919
8922
8923
39717
39431
34757
39718
8936
8937
8938
39719
39558
32920
39721
8952
8954
8955
38497
8957
8960
8961
39723
8964
8965
8966
38488
8969
8972
8973
8974
39725
8976
8977
8980
39726
8983
8987
8988
8989
8991
8992
39728
8994
8996
38489
39729
9001
9002
9004
9005
9006
9007
9008
9009
9012
9013
9015
9017
9019
9022
39733
9025
9028
9029
9031
9032
9033
9034
9035
9036
9037
9039
9040
9041
9042
9044
9047
9049
9050
9051
9052
39582
9055
9057
9058
39739
9061
9062
9063
9064
39740
9066
9069
9070
9076
39742
9078
9079
9080
9081
9082
9084
9087
39744
34283
9093
9095
39746
9104
39747
33037
9110
9112
39748
39584
38493
39749
9124
39750
9129
9130
39751
34290
9135
39752
9142
39753
38494
39754
9150
39755
9157
39756
9163
9164
39757
9168
9171
39758
9175
9178
39759
9185
9187
9190
9191
9192
9193
9194
9195
39762
9202
9205
9206
9207
9208
9209
9210
9211
9212
9214
9215
9221
9222
39767
9233
9234
9236
9237
9238
9239
9241
9242
9243
9244
9245
9246
9248
9249
9250
9251
9252
9253
9254
9255
9256
39772
9258
9260
9261
9263
9265
9266
9267
9268
9269
9270
9271
9273
9275
9277
39776
9283
9285
9286
9287
9289
38251
34317
9298
9299
34318
9304
39780
39781
9312
39783
9325
38500
34324
35227
39786
9345
39787
34326
9351
9353
9354
39592
9356
9357
38501
34328
36063
39790
9367
39791
34330
9378
9379
9383
9386
9387
38502
9391
9392
9394
9395
9396
9397
9399
9400
9401
9402
9403
9404
9405
9406
9407
9411
9412
34337
9417
9418
9419
9421
9422
9424
9426
34339
9430
39801
9437
9438
9441
9443
34342
9446
9448
9449
9450
9451
9452
9453
9454
9455
9456
9457
9458
9461
9462
9464
9465
9468
9469
9470
9471
9472
9473
9475
9477
9478
38505
9481
9482
37414
9484
39810
9488
9490
39811
9493
34141
9505
9506
38506
9513
9520
39816
9522
34356
34357
9537
38507
9540
9541
9546
9551
9555
9557
36507
39823
34362
9567
9569
39344
9575
9577
9578
9579
9581
9583
9586
9587
9592
9593
34367
9596
38509
39830
9606
9608
35236
9612
9615
9618
9620
9625
9632
37419
9634
38471
34374
9638
35237
9643
39837
9648
9649
9650
9651
9652
9653
9654
9655
9656
9657
9658
9659
9660
9661
9662
9663
9664
9665
9667
9669
9670
35238
9672
9673
9674
9675
9676
9677
9678
9679
9680
9681
9683
9687
9688
9689
9690
9691
9693
9697
9701
9702
34385
9706
39847
9709
9711
39848
39604
9716
9719
34388
9722
9724
34389
9731
34390
9737
38254
34392
38514
34393
39855
9756
39856
37163
34395
9766
9768
34396
34397
9776
9779
9781
9785
9786
34399
9791
9792
34400
9794
9795
9796
9797
9798
34401
9803
9804
34402
9807
9808
9809
34403
9812
36334
9819
9820
9821
34405
9824
9825
34406
9830
9832
9833
9834
9835
9836
9837
9839
9840
34408
39870
36335
9849
9853
9854
9855
9856
9857
9858
9859
9860
9861
9862
9863
9864
9865
9866
9867
9868
9869
9870
9871
9872
9873
9874
9875
9876
9877
9878
9879
39876
9882
9883
9884
9885
9886
9887
9889
9890
9893
9895
9896
9897
9898
9899
9903
9907
9908
9909
9910
9913
9914
9916
9917
9919
9923
9925
9928
9929
34424
39886
39887
34426
39888
38521
34428
37572
39890
34429
39891
9973
9974
9976
39892
9981
9983
34432
38522
9997
9998
9999
10000
39896
34435
10007
34436
39898
34437
10016
10019
10020
10022
37432
10025
10029
34440
10035
10036
10037
10038
10039
10043
34442
38524
39905
39129
39906
10063
10064
10065
10066
10067
10068
10069
10070
10071
10072
10073
10074
10075
10076
10077
10078
10079
10080
10081
10082
10083
10084
10085
10086
10087
10089
10090
10091
10092
10093
10094
10097
10099
10102
39913
10105
10106
38526
10112
10113
39915
10119
34455
10125
10128
10132
39918
38527
39920
39921
34460
39512
39923
39924
38528
39348
39925
10177
10181
34465
10184
10185
39927
10188
10189
10190
10191
38257
10194
10197
39929
38529
39930
10207
10209
10211
10214
10219
10220
10221
39933
40003
10231
37439
39935
34475
10244
10246
10247
10249
10250
39938
39622
39939
37440
10265
10268
33893
10270
10271
10272
10273
10274
10275
10276
39942
10278
10279
10280
10281
10282
10283
10285
10286
10287
10288
10289
10290
10291
10292
10293
10294
10295
10296
10297
10298
10299
10300
10301
10303
10305
10306
10307
10308
34486
10313
39624
39949
38533
10321
39294
38864
10326
10327
10328
10331
10332
10336
39952
34491
35547
10342
39953
39954
38534
39955
39283
35203
10372
39958
39959
10380
10384
39960
10388
10389
39961
10394
34171
10397
10398
10401
10402
39963
10404
10407
10409
10411
39965
34504
39966
34172
10427
39968
10435
39969
39568
10443
10447
10449
10450
10451
35264
10453
39972
39973
10464
34512
10467
10469
38538
10475
10476
10477
10478
10479
10480
10481
10482
10483
10484
10485
10486
10487
10488
10489
10490
10491
10492
10493
10494
10495
10496
10497
10499
10500
10501
10502
10503
39390
10505
10506
10507
10511
10513
10514
10516
10517
10518
10519
10521
10522
39983
34522
10526
10529
10530
10531
10532
39985
34524
10538
10540
39986
34525
10544
39987
33085
39988
10554
38541
39990
39991
34177
39992
34531
10582
39993
39633
10589
10591
10593
10594
39995
37605
39996
10602
34535
10604
39997
10616
10618
39999
10621
10622
10624
34539
10628
34540
34179
40002
34541
10641
10642
10643
34542
10647
10650
10651
10653
10654
40005
10659
39101
10662
10663
40007
34547
10676
10680
10681
10682
10683
10685
10686
10687
10688
10689
10690
10691
10692
10694
10695
10696
10697
10698
10699
10700
10701
10702
10703
10704
10705
10706
10707
10708
10709
10710
10711
10713
10714
10715
10716
10717
10718
34555
10724
10725
10726
10727
10730
10732
40018
10736
40019
10740
10745
10746
10748
10750
40021
35274
34561
40023
10765
10771
40027
34566
10792
38261
40029
10805
10806
10808
35276
34570
10817
34571
10820
10822
39641
38123
10831
40035
10836
10839
40036
33970
40037
34576
10853
10855
10858
10860
10862
10864
40040
36369
34580
10874
10877
34581
33096
10883
34582
10886
10888
10889
10890
10891
10892
10893
10894
10896
10897
10898
10899
10901
10902
10903
10904
10905
10906
10907
10908
10909
10910
10911
10912
10913
10914
10915
10916
10918
10919
10920
10921
10922
10924
40050
34589
10930
40051
34590
40052
10938
10939
10941
38262
10944
39645
10950
34593
34594
36372
34596
40058
10974
34597
10977
40059
38555
34598
40060
10987
36373
10995
11002
40063
11006
11008
38556
34603
11012
11013
40065
34604
11020
40066
11023
11026
40067
11028
34606
33101
11032
11034
11035
11036
11039
34608
11043
11047
40071
11053
11055
34193
34611
11060
11062
40073
34612
11066
11068
11069
11070
37467
40075
34614
11080
11086
40077
34616
33103
11091
11094
11095
11096
11097
11098
11099
11100
11101
11102
11103
11104
11105
11107
11108
11109
11110
11111
11112
11113
11114
11115
11116
11117
11118
11119
11120
11121
11122
11123
11124
38045
11127
40084
36081
11132
11133
40085
11139
11142
11143
11144
11145
40087
11149
33105
40088
11154
34627
11156
40089
11161
37470
40090
34629
40091
34630
40092
33106
40093
38562
11194
40095
34634
40096
11206
40097
11209
11211
40098
34637
11216
39654
40099
11220
38563
11222
37472
34639
11229
40101
11240
40103
34643
11255
34644
40106
11262
11266
40107
34646
11271
11272
34647
11276
11277
38565
11285
40111
11292
40418
40112
11302
11303
11304
11306
11307
11308
11309
11310
38566
11313
11314
11315
11316
11317
11318
11319
11320
11321
11322
11323
11324
11325
11326
11327
11328
11329
11332
11335
11338
11339
38567
11343
11346
11353
11355
34203
11358
11363
11365
11369
40125
40126
34204
40127
40128
39660
40129
40130
34669
11411
39138
34205
40132
34671
40133
11425
39661
40134
40135
33173
11443
11446
40137
33115
11453
11455
39662
40139
34678
37480
11469
11470
40141
11473
34207
32967
11479
11482
40143
34682
40144
11491
11492
40145
11499
40146
11503
11506
11507
11508
11509
11510
11511
11512
11513
11514
11515
11517
11518
11519
11520
11521
11522
11523
11524
11525
11526
11527
11528
11529
11530
11531
11532
11533
11534
11535
11537
11539
11540
11541
11542
38266
34692
11549
11550
11551
11552
11554
11555
11558
40156
39139
11563
11566
11567
11570
11571
40158
40012
11577
11579
11580
40160
11587
40161
40162
40163
11604
39667
40164
38576
40165
11620
40166
40167
40168
11639
11641
40170
11646
11651
11653
11655
11656
39514
38485
40173
11666
40174
38578
39358
11675
11676
11679
11681
11685
40177
40178
34717
39670
11699
11702
40180
11706
11708
11709
11711
39140
11713
11714
11715
11716
11717
11718
11719
11720
11721
11722
11723
11725
11726
11727
11728
11729
11730
11731
11732
11733
11735
11736
11737
11738
11739
11740
11741
11742
34725
11744
11745
11746
11747
11749
11750
40188
11754
11755
11756
40190
11766
11771
11774
39165
40192
11779
40193
34732
40194
34733
11794
40195
38412
38554
40196
34735
40197
34736
11814
34737
38583
11824
34739
11829
40201
11833
40202
34741
40203
11846
11848
34743
40205
11860
40206
34745
11864
11866
40207
34746
11871
34747
11876
11879
11881
11884
40210
11887
11890
40211
34750
38923
40212
34751
11900
11903
11905
34753
40215
11920
11921
11922
11923
11924
11925
11926
11927
11928
11929
11930
11931
11932
11933
11934
11935
11936
11937
11938
11939
11940
11941
11942
11943
11944
11945
11946
11947
11948
11949
40221
11952
11953
11954
11955
11958
11960
11963
34762
11966
11967
34763
11974
40225
34764
36406
11980
40226
11982
34765
11984
11985
40227
11988
34766
11995
38589
37498
36407
40231
34770
34771
33134
40015
40235
12038
12040
40236
12042
12049
34777
39797
40239
12061
33186
12064
37500
34779
12068
12078
12081
12083
12084
34782
12086
12087
12090
34783
12093
37501
12097
33687
34785
39340
12106
12107
34786
12111
34787
39684
12119
12121
12127
39361
12130
12131
12133
12134
12135
12136
12137
12138
12139
12140
12141
12142
12143
12144
12145
12146
12147
12148
12149
12150
12151
12152
40255
12157
12158
12160
12161
39143
34795
12166
12168
34796
12170
33139
40213
12175
12176
34798
12183
37504
34799
40261
12193
12197
34801
34997
33140
12208
34803
40265
37505
34804
33906
40266
12223
12227
34806
12233
34807
39688
34808
37506
34809
34810
40272
34811
33142
40273
34812
12267
12268
39122
34813
12273
12274
37507
34814
40427
39362
12280
12281
34815
34816
33143
12295
12296
12299
34818
12302
39493
12305
12306
34819
40281
34820
12314
34821
34822
12326
12327
34823
12332
12334
12335
12336
12337
12338
12339
12341
12342
12343
12344
12345
12347
12348
12349
12350
12351
12352
12353
12354
12355
12356
12357
12358
12359
12362
12363
12364
12368
12371
12373
12378
34831
33146
40293
12385
12386
39693
40295
12396
39552
34835
40297
12413
38603
40300
37512
34839
40301
40303
34842
12448
40304
12450
34843
40305
34844
37756
12462
12468
34846
33149
34847
12477
12479
12483
40310
34126
34849
40311
34850
12496
40312
34851
34999
12501
12503
12505
12507
12508
12510
34853
12514
40315
12520
39777
12526
38709
33151
40318
34857
12537
12539
12540
34858
38607
12543
12544
12545
12546
12547
12548
12549
12550
12551
12553
12554
12555
12556
12557
12558
12559
12560
12561
12562
12563
12564
12565
34863
12572
12573
12574
12575
34864
37400
12584
12590
33153
12598
40329
12603
40330
12610
34870
40332
33154
34874
12643
34758
39702
38611
12670
40342
34247
39703
39583
38612
40345
38498
40347
12709
12711
12712
12713
12716
40349
38613
12723
40350
12729
40351
12733
40353
12745
12746
12747
12748
12749
12750
12751
12752
12753
12754
12755
12756
12757
12758
12759
12760
12761
12762
12763
12764
12765
12766
12767
12768
12769
12770
12771
12773
12774
12778
40359
12780
12782
12784
12785
12791
12794
12795
40362
34251
12799
33160
40363
12808
12809
12810
40365
12817
12819
40366
40367
40459
33161
40368
34907
40369
40370
12849
12850
12851
39341
12856
40372
40457
33162
40374
12870
12872
40375
37377
40376
12882
40377
12888
34916
40378
40379
38619
38119
12911
38422
12915
40382
12918
12922
12929
38620
40385
12936
36438
40386
39982
40387
12948
12949
12950
12951
12952
12953
12954
12955
12956
12957
12958
12959
12961
12962
12963
12964
12966
12967
12968
12969
12970
12971
12972
12973
12974
12975
12976
12977
12978
34931
12980
33166
40393
12986
12988
40394
38622
38381
12996
12997
13000
40396
13003
40397
34936
33167
34937
13016
40399
36441
40401
33168
40403
34942
40404
34943
38624
40405
13056
34944
13058
13059
36442
13061
40407
33169
40408
36094
38437
38625
13085
34949
40411
40412
34951
35003
33170
34952
34953
13115
37535
13117
34955
13125
40417
13133
34958
38627
40420
39586
40421
39150
13158
13159
13160
13161
13163
13164
13165
13166
13168
13169
13170
13171
13172
13173
13175
13176
13177
13178
13179
13180
13181
13182
13183
13184
13187
13189
13191
13192
39720
13202
13203
40430
37538
13211
13212
35356
34971
13222
36095
13232
38630
37539
13238
34928
40437
34266
33175
13255
39722
13260
13268
13271
13273
13280
40443
13287
13292
13295
37541
40446
34986
13311
33177
38496
39724
13322
13323
13324
37542
13331
13332
34990
13334
13339
33178
40453
13344
34992
38634
40455
13357
13358
13359
39151
13364
13365
13366
13367
13368
13369
13370
13372
13373
13374
13375
13376
13377
13378
13379
13380
13381
13383
13384
13385
13386
13387
13388
13389
13391
13392
13393
13394
13395
13396
35001
13405
13406
39727
13411
40465
35004
35005
13429
13435
13438
35008
40470
35009
40471
35010
13458
34273
33182
13465
40474
35013
38638
13478
13480
35015
40477
35016
35017
35018
13506
35019
13509
40481
35021
13522
40483
13529
35023
40485
13537
13540
35025
13545
13547
35026
35006
35027
13565
13566
35029
13569
13570
13571
13572
35030
13574
13575
13576
13577
13578
13579
13580
13581
13582
13583
13584
13585
13586
13587
13588
13589
13590
13591
13592
13593
13594
13595
39589
35034
13598
13601
13602
13603
40497
34278
35037
13617
39734
35039
40501
35040
40503
38280
39735
35043
38644
40505
35044
40506
13664
13665
40507
13671
13677
39736
38645
36098
35049
13688
40511
13695
40512
34934
13703
35052
39737
35053
13712
39808
40515
13726
38717
35056
13731
39345
13737
13739
13741
38647
13745
13747
13748
36028
40521
35060
35061
40523
38499
35063
38648
40525
13778
13780
13781
13782
13783
13784
13785
13786
13787
13788
13789
13790
13791
13792
13793
13794
13795
13796
13797
13798
13799
13800
13801
13802
40530
13806
13807
13808
13809
40531
13815
13818
35071
13823
13828
13829
40535
35074
40536
40537
13853
38651
40540
35079
40541
40542
35081
38775
35082
40544
40545
39591
35084
13899
35085
38219
13913
38653
13926
39373
40551
35090
35380
35091
13940
13944
13947
13948
13950
13952
38654
40555
13959
40556
35381
40557
13977
13978
13980
13981
13982
13983
13985
13986
13988
13989
13991
13993
13994
13995
13996
13997
13998
13999
14000
14001
14002
14003
14004
14005
14006
14007
14009
14011
14012
37846
40565
14016
14020
40566
40567
33145
14031
33201
14038
40569
38657
14045
35109
36475
40572
40573
14065
40574
38658
40575
39374
36476
40577
14092
40578
38283
40579
38659
40580
36477
39156
14113
14118
35124
14145
14148
14153
14157
14162
14163
38661
37570
38720
14184
14185
14186
14187
14188
14189
14191
14192
14194
14195
14196
14198
14199
14200
14201
14202
14203
14204
14205
14206
14207
14208
14209
14210
14211
14212
14213
35137
14216
14217
14219
14220
14221
14222
14223
38663
35139
14228
14229
14236
14241
14243
35142
38284
14254
35144
37573
39081
35145
14264
14265
34300
33209
40030
14277
35148
14288
35151
35011
35153
35154
14318
35155
34302
14334
35157
35158
38667
39594
35159
14353
39343
14359
14362
14365
35163
35164
37128
35166
14394
14395
14396
14397
14398
14399
14400
14401
14402
14404
14405
14406
14407
14408
14409
14411
14412
14413
14414
14415
14416
14417
14418
14419
14421
14423
39761
35173
14433
35174
14441
35175
39605
35176
34935
14453
35177
38671
35180
33921
14494
39764
38673
14525
14528
14531
14533
14538
35191
37161
39765
14551
38674
14556
35194
14561
39159
35195
14566
14569
14572
35197
39766
35198
38675
14592
35200
35201
14601
14602
14603
14604
14605
14606
14607
14610
14611
14613
14614
14615
14616
14617
14618
14619
14620
14621
14622
14623
14624
14625
14629
14632
35207
14637
14638
34106
35208
14644
35209
14648
14650
14652
35210
39518
14659
35459
39769
35213
35214
35215
35216
34314
35217
38287
35218
38679
35219
35220
35222
39771
35223
38680
35224
40391
14755
35228
14763
35229
35230
14774
14775
14777
35231
14780
14781
14782
35232
39773
35233
39597
14801
14803
14806
14807
14809
14810
14811
14813
14815
14816
14817
14818
14819
14820
14821
14822
14824
14825
14826
14827
14828
14829
14830
14831
14832
14833
14836
14837
35241
35242
14846
39300
38288
14849
39775
36502
35245
35411
37197
35246
35247
38685
35249
35250
35252
35253
14924
35259
35261
35262
32928
14971
14974
38688
14976
14977
14978
14980
36506
35266
38289
35268
38689
15007
15008
15012
15013
15014
35416
15017
15018
35271
15020
15021
15023
15024
15025
15026
15027
15028
15029
15030
15031
15032
15033
15034
15035
15036
15037
15040
15041
35417
15047
15049
38944
15051
15054
35277
15056
15059
15060
15063
38691
15070
35280
35282
35283
38692
35284
36510
36027
15115
15118
40323
39784
38693
35289
35290
35291
34329
35292
38290
15149
39163
37743
15168
15171
35235
15175
35298
15182
15183
15186
37604
15194
15199
34331
15212
38696
15216
15218
15219
15220
15221
15222
15223
15224
15225
15226
15227
15228
15229
15230
15231
15232
15233
15234
15235
15236
15237
15238
15239
15241
15242
15243
38697
15246
15247
15249
15271
39382
15280
35315
15287
34334
38515
38291
15303
38699
37608
39164
37200
34335
15323
15324
15327
35323
15334
38700
37609
38946
35327
35328
38701
15385
39793
15394
38702
37611
15400
15401
34338
15413
15415
15420
39794
40358
15423
15424
38703
15427
15428
15429
15431
15432
15433
15434
15435
15436
15437
15438
15439
15440
15441
15442
15443
15444
15445
15446
15447
15448
15449
39795
15452
15453
38704
15456
15458
37976
15462
35345
15464
15465
35346
15471
35348
38705
35350
40392
35352
35353
38706
35354
15518
39328
35355
15529
35357
35358
38707
37616
35360
35361
35362
39799
38708
35364
35365
35367
15596
39301
38293
15605
15607
15608
39166
15625
15628
15629
15630
15631
15632
15633
15634
38710
15636
15637
15638
15639
15640
15642
15643
15644
15645
15646
15647
15648
15649
15650
15651
15652
15653
15654
15655
15658
15660
35378
15663
38711
35379
15669
15670
15673
15674
15677
15679
15682
15688
39563
35383
15697
35385
35386
34348
37544
39804
38713
35389
35391
35392
38294
39805
38714
39878
15766
35441
34350
35239
39806
38715
15791
15799
38949
15801
35402
38716
15818
15822
35443
34352
38731
35407
35408
15842
15843
15844
15845
15847
15848
15849
15850
15851
15852
15853
15854
15855
15856
15857
15858
15859
15860
15861
15863
35412
15867
15869
15870
35413
39809
38718
15876
35414
15878
15880
34064
15883
15888
15889
33263
15897
38295
35418
15903
38719
35419
35420
35421
35240
35422
35423
15934
15936
35424
35426
35427
35428
38721
35430
33931
32973
35431
35432
35433
38722
35434
35677
35435
35449
35436
35437
16020
35438
38723
35439
35440
16038
16039
16041
16044
16045
16047
16048
16049
16050
16051
16053
16054
16056
16057
16058
16059
16061
16062
16063
16064
16065
16066
16067
16068
16069
16070
16074
16083
38725
16087
16089
16090
35451
16101
35453
35454
35456
35457
38727
16147
35460
36545
35461
35462
35463
38728
35464
39388
39520
35465
16186
36919
34364
38297
35468
16205
40262
16211
34962
16214
35471
16221
16228
16229
35473
16243
16246
16247
16249
38952
16251
16254
16255
16256
16257
16258
16259
16260
16261
16262
16263
16265
16266
16267
16268
16269
16270
16271
16272
16273
37818
16275
16276
16278
35481
16286
16287
16288
35483
16293
16294
16295
38732
16297
37641
37643
33715
16308
38516
37949
38733
39389
38889
35492
16347
38298
16352
16353
38734
35494
16360
39171
16376
35498
38735
35499
39433
35501
36989
33280
16409
35503
16419
37645
33934
16425
16426
16429
16435
32843
16444
37646
16456
16458
16460
16461
16462
16463
16464
16465
16469
16470
16471
16472
16473
16475
16476
16477
16478
16479
16487
16489
35517
16497
38299
16499
38739
16507
35522
39831
38740
35156
37649
34153
35525
34376
33285
38741
33935
37651
38307
39346
35537
35538
16630
16636
16638
34379
35542
33288
16653
16660
16664
16667
16668
16669
16670
16671
16672
16673
16674
16675
16676
16677
16678
16679
16680
16681
16682
16683
16684
16685
38745
16687
16688
16690
16691
35550
16694
35551
38955
16701
34381
16703
33290
16709
35553
38746
35554
35555
16724
39838
38747
35559
16759
34383
35562
34591
35563
38748
35566
38517
35568
39840
37658
35570
35476
35572
40047
16836
35574
40381
35575
16847
35576
16854
35577
16860
35578
39842
16864
16866
16870
16871
16872
16873
16874
16876
16878
16879
16880
16881
16882
16883
16884
16885
16886
16887
16889
16890
16891
16893
16895
16897
16898
16900
16901
16902
16903
36570
16907
35479
16909
40484
35588
35589
35444
35590
35593
35594
16965
38246
39846
38957
35602
35604
35605
17039
17045
35609
35610
35684
35484
35612
17073
17075
17076
17079
17080
17081
17083
39394
17085
17086
17091
17092
17093
17095
17096
17097
17100
17101
17102
17103
35619
17108
17109
17112
35620
36577
39176
35621
35622
33304
17127
35623
17132
35624
35625
35626
38958
35627
35628
35629
35630
33939
36579
35632
33306
35633
39853
34895
35634
35635
33721
35636
34398
35637
39854
35639
35640
35641
35642
35643
17256
35644
17260
35645
35646
17270
35647
33309
35648
17283
17284
17286
17287
17289
17292
17293
17294
17295
17297
17298
17299
17300
17301
17302
17303
17305
17306
17307
35653
17313
17315
17316
38766
37675
33940
35656
17331
35657
39538
35658
38767
37676
35660
35661
35662
35663
39859
38768
37677
35665
35666
17395
38305
38769
35671
40220
35672
35673
35675
17454
17455
17457
35678
39862
35679
17471
35681
34407
35682
17487
17488
17489
17490
17492
17493
17494
17495
17496
17497
17498
17500
37681
17503
17504
17505
17506
17507
17508
17509
17510
17511
17517
17518
17519
17521
17527
17528
39397
35691
38518
35692
35693
35694
34410
35697
35698
17582
38088
35699
17592
38961
33320
35703
35705
35706
34412
35707
17636
38314
34413
38525
35714
17684
17685
35470
17693
17694
17695
17696
17697
17698
17700
17702
17703
17704
17705
17706
17707
17708
17709
17710
17711
17712
17713
17714
17717
17718
17722
17723
17724
17726
17731
17732
17733
17734
38780
17749
38962
17751
40395
35727
17757
35728
35729
35730
34417
35733
38782
39874
38783
37435
35741
35742
38308
39875
38784
39285
17865
17868
38190
34420
33329
38090
17889
17893
17896
17899
38963
17901
17903
17905
17906
17909
17910
35753
17912
17913
17914
17915
17916
17917
17918
17920
17921
35755
17927
17932
17933
17936
17943
17944
17945
35759
38787
17949
17953
35761
17963
39879
34599
35765
35766
35767
35768
38309
38789
35772
35773
35774
38964
35777
33335
35778
39882
18067
35780
18074
35781
18081
35783
39883
35784
18098
18099
18102
35785
18106
18110
18111
18112
18113
18114
35787
18117
18118
18119
18121
18122
18123
39884
18125
18126
18127
18128
18131
35790
36611
35791
35792
18146
33338
35793
38310
35794
38793
35795
18166
35796
38868
33339
35798
35800
36613
33340
38796
35806
35807
33341
38797
35810
35812
37777
39130
18270
18272
18274
35814
37707
39402
35816
18290
18291
35817
18304
38799
18311
37708
35820
18314
18315
18316
18317
18318
18319
18320
18321
18322
18323
18325
18326
18327
18328
18329
18330
18331
18332
18333
18334
18337
38800
18339
37297
18346
38966
35827
18358
33074
35828
35829
18372
35830
35831
37710
35832
35833
35834
37711
35835
36620
40494
33347
39894
35839
39523
35840
35841
35842
35843
37713
36622
18467
39774
35848
35849
38805
36130
18492
35850
35851
38850
18503
35852
18506
35853
39897
18519
18521
18522
18523
33948
18528
18529
18530
18531
18532
18533
18535
18536
18537
18538
18539
18540
18541
18543
18546
18547
18548
18552
18553
18554
18555
35861
38808
35867
39305
33353
38313
39900
35869
35871
34445
35873
35874
38810
35875
38968
34446
35878
38811
35880
32802
35881
38750
39067
18690
18693
39903
35884
38812
18712
40309
40496
18717
38532
18721
18726
18727
18729
18730
18731
18732
18733
18735
18737
18739
18740
18741
18742
18743
18744
18745
39977
18747
18748
18749
18750
18751
18752
18753
35894
18758
18759
35895
18769
18770
34450
35897
18787
35900
38456
35901
33360
39907
35904
38751
33361
39908
35909
38817
35910
33362
39909
35478
38315
39910
38819
18912
35920
18918
18919
35546
18921
18927
18928
18930
18932
18933
18934
18935
18936
18937
18938
18940
18942
18943
18944
18945
18947
18948
18949
18950
18951
18952
18953
18954
18957
18958
18965
39843
39000
18974
35931
39102
35933
18992
35934
38822
35935
35936
35549
33367
38823
33368
35944
35945
19098
38971
19102
33370
35955
19130
19134
35957
38753
19138
19140
19143
19145
35959
19149
19150
19151
19153
19154
19155
19156
19157
19159
19161
19165
19166
19167
38535
35963
34607
35964
19178
39524
35965
36646
35967
33373
19200
38317
19205
35969
38829
36647
35971
35972
33374
35974
38830
35975
35976
34466
35978
39922
35980
35982
35983
38832
35985
35987
35989
19333
39409
19336
35991
19340
19345
19346
19347
19349
19350
19351
19352
19353
19354
19355
19356
19359
19360
19361
19362
19363
19364
19365
19367
19368
37227
19375
19377
33379
19380
35998
19382
39926
38835
36000
36001
38973
36002
33380
36004
36005
19425
33381
34827
39928
19450
37746
36011
36012
33382
38838
36015
36018
38319
36019
39088
37748
36021
37228
36022
19531
39931
19537
19538
38840
19541
36025
19545
19546
36026
19550
19552
19554
19555
19556
19557
19558
19560
19561
19562
19563
19564
19565
19566
19567
19568
19569
19571
19572
19573
19574
19575
19577
19578
36032
38756
33386
36033
19592
36034
19598
38842
36036
36037
36039
38843
36040
36885
36041
19645
33388
36043
36044
36045
36046
36047
33389
36048
36050
36051
34481
36053
36054
36055
36056
19735
38757
19738
19739
36058
36059
38847
36060
19755
19757
36061
19760
19763
19764
19765
19766
19767
19768
19769
19770
19771
19772
19773
19774
19775
19778
19780
19783
19784
19786
36066
19792
36067
36068
19804
39940
36070
36071
36072
36073
39941
37950
36075
36076
19852
36077
39849
38851
36080
33957
36083
36084
39631
36085
36087
36088
36576
39944
36089
19929
38853
36090
19934
19936
19945
39303
19953
19955
38329
19957
19959
19962
19963
19964
19966
19967
19968
19969
19970
19971
19972
19973
36097
19976
19977
19978
19979
19980
19981
19982
19984
19986
36099
19994
35582
36102
39947
37886
38856
36106
35583
39948
40529
38857
36111
35584
36112
36114
36115
35585
39307
36118
38323
39950
36119
38859
36120
37232
36122
36123
39951
36678
36126
20152
38978
20162
20167
37474
20169
20170
20171
20173
20174
20175
20176
20178
20179
20180
20181
20182
20185
20186
20187
20188
20189
20191
20197
20199
20200
36680
33407
36138
20223
36139
38863
36140
36141
36143
20256
37736
20270
35269
36440
36148
39956
35161
38865
39957
38866
36157
38761
20340
39634
20353
36645
20356
20360
20366
20367
20368
20370
36163
20373
20375
20379
20380
20381
20383
20384
20385
20386
20388
20389
20390
20391
20392
20393
20394
20395
20396
39482
20404
20405
20407
36170
39198
36171
36172
38870
36175
39984
36176
36178
39962
38871
36180
33961
36183
36184
38872
36186
36188
39964
38873
36190
20542
36192
36193
38326
36195
20566
36196
20570
36197
20580
20581
20583
20584
20586
20587
20589
20590
20592
36200
20594
20595
20596
20597
20598
20599
20601
20602
20603
20604
20605
20606
20608
20611
20612
39967
36205
35926
36207
38763
38877
39636
36211
36212
38545
36215
36216
38327
36219
38879
36222
34515
39971
38880
36227
34516
36228
33090
36229
36230
39788
20777
36231
20780
20782
20783
20784
20785
34517
20787
20790
20791
20792
20793
20794
20795
20796
20797
20798
20799
20800
20801
20802
20803
20804
20805
20806
20807
36236
20814
36237
20817
36238
36239
38883
36241
36242
39308
36243
38328
36244
36245
32966
36246
36247
36248
36249
36250
38086
36251
36252
34521
36254
36255
36257
36258
36259
39638
36260
36261
37606
36262
34523
36263
20973
20975
36264
38888
20984
20987
36266
20991
20992
20993
20994
36267
20997
20998
20999
21000
21001
21002
21003
21004
21005
21006
21007
21008
21009
21010
21011
36270
21014
21016
21017
36272
38282
39981
35617
36279
36280
35618
35160
36283
36287
36288
36289
36290
38894
36295
36298
21183
36299
21188
21189
21191
21193
21196
21197
21199
21200
21201
21202
21203
21204
21205
21206
21207
21208
21209
21210
21211
21212
21213
21214
21215
21216
21217
21218
21219
21221
21224
21228
36306
36307
36308
36309
38897
36310
36715
34533
40513
36313
36314
38898
36315
37807
36316
38523
36317
36318
36321
36327
35058
36328
35337
38901
36330
21394
21397
38902
21402
21403
21404
21405
21407
21408
36336
21410
21411
21412
21413
21414
21415
21417
21418
21419
21420
21421
21422
21424
21425
21426
39994
21430
21431
36340
21434
36342
36343
38904
37813
36346
36347
36349
38905
37814
36351
35059
33450
39860
38906
39789
37815
33968
36359
38907
36361
34543
38551
21573
36364
38908
21583
36366
21592
36367
35992
36368
21606
21607
21609
21610
38909
21612
21614
21615
21616
21617
21618
21619
21620
21621
21622
21624
21625
21626
21627
21629
21630
21631
36374
21639
36375
36376
36377
21658
40182
38911
36380
36381
36382
36384
32878
38912
36385
36386
36387
34548
38552
36388
38913
36390
35032
36392
34549
36393
36394
38914
39513
36396
21775
36398
33315
36399
38915
21797
21809
36403
21812
21814
21815
21816
21817
21818
21819
21820
21821
21822
36405
21824
21825
21826
21828
21829
21831
21832
21833
21834
21835
21836
21837
21839
21842
38917
37680
36411
34553
40517
36413
37130
36416
38919
36420
40011
36426
36429
39863
38921
36431
36432
36433
40357
40013
38922
36435
22008
36436
33753
22012
22013
35649
36437
22020
22021
22022
22023
22025
22026
22027
22028
22029
22030
22032
22033
22034
22035
22036
22037
22038
22039
22040
22041
22043
35650
22045
36443
38336
22061
38924
36445
22064
36446
39209
36447
36448
36449
38118
38925
36450
36451
35652
36452
36453
36454
38926
36455
36456
22131
36457
38773
36458
36459
38927
36460
36461
36464
38928
36466
36468
38937
36469
38337
38929
36470
22215
22217
36471
36747
22222
36472
22226
22228
22229
22230
22231
22232
22234
22235
22236
22237
22238
22239
22240
22241
38930
22243
22244
22246
22247
22248
22249
22250
22255
36478
36479
38931
36480
36473
33973
36482
38774
36483
38932
36485
33755
36487
36488
36489
38933
36491
39310
35993
36493
38934
36495
36496
39211
36497
36498
36499
22389
38120
38935
36500
37844
22405
35065
22415
22421
22424
22425
22429
22433
22434
22435
22436
22437
22438
22440
36508
22442
22445
22446
22447
22448
22449
22450
22451
22452
22453
22455
22456
22457
36511
22464
36512
22469
36513
38938
36515
36516
36517
39978
36518
39456
36519
38339
40445
37739
36520
39212
36522
36523
38481
36524
38121
38940
36525
36526
35667
35066
36528
36529
38941
36530
36531
36534
38942
22609
36537
38558
22624
38943
22633
22635
22638
36541
22640
22642
22643
22644
22645
22647
22648
22650
22651
22652
22653
22654
22655
22656
22657
22658
22660
22662
22663
22664
22666
22669
36547
39314
36549
38122
38945
34194
36551
36554
36555
38024
36558
38394
38947
36561
34583
38559
37468
39136
36567
39161
38341
22813
22814
22816
22824
36572
22827
36574
22841
22842
38950
22845
34195
22848
22849
22850
22851
22852
22853
22854
22855
22856
22857
22858
22860
22861
22862
22863
22864
22865
22866
22867
22869
36580
36581
36582
37434
38778
34587
36584
36585
36586
36587
34588
36588
38560
36589
39529
36591
36593
34414
36597
36598
36599
38124
36600
23006
23008
35069
36603
36604
23019
37906
36606
38779
39530
36608
23043
23046
36609
23053
23054
23055
23057
23059
23061
23062
23063
23065
23066
23067
23068
23069
23070
23071
23072
23073
23074
23075
23077
36615
35685
39311
36618
38234
34415
35686
38125
36627
35821
36628
36630
36632
36633
38220
40053
36635
36780
40526
36640
40564
36641
23240
36781
23242
23243
36642
23249
36643
23253
23255
36644
23258
23259
23260
23262
23263
23264
23269
23270
36782
23273
23274
23275
23276
23277
23278
36648
36649
38126
36650
36651
36652
36655
36656
36784
36657
38781
36658
36659
36660
36661
36785
36662
40527
36663
36665
36666
36667
36668
33513
36669
23413
38875
36672
34605
36673
23434
36674
36675
23449
23454
36677
23461
23462
23464
23466
36679
23469
23470
23471
23472
23473
23474
23475
23476
23477
23478
23479
23480
23481
23482
23483
23484
36682
23486
23488
23489
36683
36684
32890
37881
32958
33763
36688
38564
36689
36690
36691
37473
34609
36693
33518
36694
38346
37883
36696
36697
34610
36698
38975
34200
36701
33520
36704
36705
38976
37885
33982
36707
36708
33521
36710
23657
36795
23663
23664
36712
23666
23667
23668
23670
33522
23675
23676
36714
23678
23679
23680
23681
23682
23683
23684
23685
23686
23687
23688
23689
23691
23692
23693
23694
23695
23697
33523
36719
36720
38979
36721
36723
36724
36725
38980
36727
36728
36730
38981
36731
34617
32892
38982
36736
36737
34618
23843
34619
36743
38348
23860
36745
23864
36746
23871
23873
23875
23876
23877
23878
23879
23880
23881
23882
23883
23884
23885
23886
36749
23888
23889
23890
23891
23892
23893
23894
23897
23899
23900
23903
34621
36754
36755
36757
33531
36759
32893
37896
36763
36764
40079
37741
39094
36772
34625
36774
40081
36775
36167
34626
36778
24065
24069
24073
24079
24080
24082
24083
24084
24085
24086
24087
24089
24090
24091
24093
33536
24095
24096
24097
24098
24099
40083
24101
24102
24103
24104
24105
24106
24107
24108
24109
24110
36787
36789
38993
36792
35720
39487
38350
34422
36796
36797
34206
36798
36799
36800
38995
36802
36803
33540
36804
36805
37914
36806
36807
36808
39889
36809
24258
24264
36812
24268
24282
24283
24285
24286
24287
24289
24291
24292
24294
24295
24296
24297
24298
24299
24300
24301
24302
24303
24304
24307
24309
24310
24311
24312
36820
24314
36821
24322
24326
33544
36825
37125
37909
36826
36818
36828
39001
36831
36832
36833
32896
36837
36839
39531
39003
39443
36844
37913
36846
36847
36848
24483
33549
24486
36849
24488
36850
24494
24495
24496
24497
24498
24499
24500
24503
24504
24505
24506
24507
24508
24509
24510
24511
24512
24513
24514
24516
24517
24519
24522
36855
24526
24528
36856
36857
36858
33551
36859
37916
36861
36862
36863
38571
36864
36865
39008
37917
36866
36867
36868
40317
33553
36869
38353
40100
36870
39009
37918
36871
39226
36872
37262
36873
36874
36875
36876
24656
36878
33555
36879
36880
24677
36881
24681
24682
33989
24687
36883
24693
38468
39284
36884
24700
24701
24703
24707
24708
24709
24710
24711
24712
24714
24715
24716
24717
24719
24721
24722
24723
24724
24725
24726
24727
24733
37922
24740
36892
36893
36894
38354
40105
39095
36895
39014
37263
36898
33559
36902
33560
36904
37925
33945
36908
36909
32899
36911
24864
36912
36913
24874
38573
24877
24883
36916
24896
36918
24903
24904
24905
24906
24907
24909
24911
24913
24914
24916
24917
24919
24920
24921
24922
24923
24925
24927
24929
24930
24931
24932
24934
24935
24940
36925
24945
36926
34209
36927
36929
36930
39021
36932
36933
38397
40113
36935
36938
38574
36939
36610
39023
40492
36942
36943
33568
36945
35211
36947
35751
25086
25088
25093
34210
25110
36953
25112
25114
33570
25117
25118
25119
25120
25121
25123
25124
25125
25126
25127
25128
25130
25131
25132
39979
25134
25135
25136
25137
25138
25139
25141
25142
25143
36959
36960
39027
25161
35754
40119
36965
38357
39029
37266
36973
33574
36975
36977
25259
25264
33575
38441
25291
40123
25306
25309
25311
25312
25314
25315
25318
25321
25322
38572
25324
25327
25329
25330
25331
25332
25333
25334
25335
25336
25337
25338
25339
25341
25342
25343
25344
25345
25347
33557
33578
38358
25359
36995
36996
36852
36997
37267
36999
37000
37003
38519
33580
37005
37006
36854
37007
34672
37010
39037
37011
32942
33582
37014
39107
25486
25488
37016
25496
25498
37018
25504
25506
37019
38359
25510
37020
25515
25517
25521
25525
25528
25529
25530
25531
25533
25535
25536
25537
25538
25539
25540
25541
25542
25543
25544
25546
25547
25548
25549
25551
25558
25563
33585
37031
33995
37033
33586
32904
37951
33777
38484
37040
37041
37487
37043
37044
37045
39044
37046
37953
33589
25695
39045
37051
37954
25704
37052
25706
25707
25708
34681
25713
33590
37054
25722
25723
25724
25725
25726
25730
25731
25732
25733
25734
25735
25736
25737
25738
25740
25741
25742
25744
25745
25746
25747
25748
25749
25750
25752
25753
25756
25757
25758
25759
37956
25764
37062
40543
25771
37064
37066
40493
37067
37068
37069
38361
37070
37071
37072
37073
33594
37074
39271
37075
37076
37959
37077
37078
37079
37080
39051
25883
37082
33596
37085
25906
25907
37086
25913
37087
25917
35779
25920
25921
25924
37089
25929
39533
25933
25934
25936
25938
25939
25940
25941
25942
25943
25944
25945
25946
25947
25948
25949
25950
25951
25953
25954
25955
25956
25957
25958
25959
25960
25961
25962
25963
25964
25965
25966
25967
37096
25973
37098
25984
37099
37100
37101
37102
37103
33600
40147
39056
37106
37108
37109
40148
37110
39057
37111
37114
36617
40149
37115
37116
37117
39315
26098
33562
26105
37119
38363
26110
37120
39059
26121
26122
26123
26124
37122
26128
37123
26134
26136
26137
26139
26140
26141
26142
26143
26144
26145
26146
26147
26148
37126
26150
26151
26152
26153
26154
37127
26157
26158
26159
26160
26161
26162
26163
26165
26166
37129
26168
26169
26170
26171
26172
26173
26174
26175
37131
37970
26185
35788
37133
38224
37134
40153
39062
37137
37139
40154
33563
37143
38364
37744
40155
39064
37146
33345
40110
37150
39065
37151
37974
37152
26317
26318
26320
40157
26323
26326
37156
40581
34000
37157
26345
26346
26349
26351
26353
26354
26355
26356
26357
26358
26359
26360
26361
26362
26363
26364
26365
26366
26367
26368
26369
26370
26371
26372
26373
26374
40547
26376
26378
26379
34655
26381
26382
37165
26385
39068
26388
26389
26390
36886
37168
37169
39069
37171
36887
37173
37174
36232
38147
36888
39020
39071
37181
37980
34001
37187
33783
26522
40548
39073
37191
26540
26544
26545
26546
26550
26551
26552
26554
37194
26558
26559
26560
26561
26562
26564
26565
26566
39074
26568
37196
26570
26571
26572
26573
26574
26575
26578
26579
26580
26582
26583
26584
26586
39272
26593
26594
26597
37201
26601
37057
37204
33129
37205
34002
37208
37209
32911
39077
37211
37212
37214
40169
37216
37987
37217
39427
37218
37219
38367
37223
26735
40171
26744
26745
26746
26748
26749
26755
26756
26757
26759
26760
26761
26762
26763
26765
26767
26768
26769
26770
26771
26772
26773
26774
26775
26777
26778
26779
26780
26781
26783
34003
26785
26786
26787
26788
26789
26792
26793
26794
26795
26801
37236
26817
37238
37239
39083
39459
37242
39316
37243
37245
37247
37248
34720
39085
37253
37254
37255
39086
37257
26943
33631
37259
26950
26951
26952
26954
39678
37261
37714
26964
26965
26966
26968
26970
26971
26972
26973
26974
26975
26976
26977
26978
26979
26980
26981
26982
26983
26984
26985
26987
26988
26989
26990
26991
26992
39460
26995
26996
27000
37268
37269
27009
37270
27014
37271
37273
38487
37274
37275
38151
39090
37276
37277
37278
37279
37280
39091
37281
37265
37282
37283
37284
27099
40183
39679
39092
37715
27113
36910
37288
37289
40184
39093
37291
39461
37292
27147
37293
27155
27157
27158
27159
27161
27162
37295
27164
27165
27166
27167
27168
27169
27171
27172
27174
27175
27176
27177
27179
27180
27181
27182
27183
27185
27186
27187
27188
27189
27190
27191
40186
27194
27195
27196
27197
27198
37301
27200
27201
27202
27203
27204
27205
27206
27211
27212
27213
37304
37305
37306
36914
35823
40364
39097
37311
37312
37313
40431
37315
37316
39462
37319
37320
39099
38008
37322
27328
37323
37324
39273
40117
40191
27345
27346
39100
27348
37326
27354
37327
37328
38662
27363
27364
27365
27366
27367
27368
27373
27374
27376
27377
27378
27379
27380
27381
27382
27383
27384
27385
27387
27389
27390
27391
27392
27393
27394
27395
27397
27398
27400
27401
27402
27403
27404
27405
27407
27408
27409
27410
27412
27415
27416
27419
37338
37339
27432
37340
27435
27437
39463
27445
37344
37345
38013
36922
39245
37350
38154
36923
40562
37353
37063
37355
39106
37091
27533
34008
37357
37358
27547
27551
27558
27559
27562
27564
33790
37363
27573
38591
27577
27578
27582
27583
27584
27585
27587
27588
37366
27590
27594
37367
27597
27598
37368
27602
27603
27604
27605
27607
27608
27609
27610
27611
27612
27613
27614
27615
27617
27620
27625
37374
37375
39110
27655
37379
39111
38020
37382
37386
33791
34748
37390
38022
37392
34749
27756
27759
39114
37396
27771
38023
27775
27779
27781
27786
27787
27788
27790
27792
27793
27794
27795
27796
27798
27799
27802
27803
27804
27806
27807
27808
27809
27810
27811
27812
27813
27815
27816
27817
27818
27819
27824
27826
39116
37406
38025
27839
27855
39117
37411
37412
37413
33662
37415
40209
39118
37418
33663
37420
39119
37421
37422
37423
34755
38633
37424
37425
39120
37427
27965
37429
27970
27975
27977
39121
37431
27982
27985
27987
27994
27995
27996
27997
27999
28001
28002
28003
28004
28005
28006
28007
28008
37436
28010
28011
28012
28014
28015
28016
28017
28018
28019
28020
28021
28022
28024
28026
28027
28028
28029
38594
28032
28033
39123
28039
28040
28042
28048
34759
28058
38376
39124
37447
37448
34760
37449
39125
37452
37453
37454
37455
39504
38052
37458
37460
39127
37461
37441
28174
28176
37464
28179
28180
28181
40219
37466
28190
28191
28193
28194
28195
36946
28199
35855
28201
28203
28204
28205
28206
37469
28208
28209
28211
28212
28213
28214
28216
28218
37471
28220
28222
28223
28224
28225
28227
28228
28229
35856
28231
28232
28234
28235
28236
33358
28238
28239
37475
28245
28246
28247
28248
37476
35857
37478
37479
28269
28273
39131
37481
37482
37483
38814
37484
37485
39132
37486
36748
37488
33795
37489
37490
39133
37491
39318
36612
37493
33678
28359
37495
39134
37496
28377
28381
37287
28383
37499
28389
28393
39135
28399
28400
28402
28403
28406
28407
28408
28409
28410
37503
28412
28413
28414
28415
28416
28417
28418
28419
28420
28421
28422
28423
28424
28426
28427
28428
28429
28430
28432
28433
28434
28435
28436
28437
28438
28439
28440
28441
28442
28446
36851
28451
37510
39137
28460
28465
35760
40561
28476
37515
37516
38047
38629
37518
37747
39637
37521
37522
36957
37523
37525
38161
37526
28553
37527
36958
37528
37529
28571
39141
34015
37532
28591
28595
28596
37534
28599
28601
28603
28607
39142
28610
28611
28612
28613
28614
28615
28616
28617
28619
28620
28621
33797
28623
28624
28625
28626
28627
28628
28630
28631
28632
37540
28634
28636
28637
28638
28639
28640
28641
28643
28644
28645
28646
28647
28648
28650
28651
28652
28655
28656
28657
39445
28663
38053
37547
37548
37549
37550
37551
38054
34954
39146
38055
37558
37561
28773
37564
37565
38057
28796
28800
37569
28809
28812
28813
28814
28816
39149
28821
28822
38058
28824
28825
28827
28828
28829
28830
28831
28832
28833
28834
28837
28839
28840
28841
28842
37575
28844
28845
28847
28848
28849
28850
28852
28853
28854
28855
28856
28858
28861
38664
37581
28882
39745
28897
40243
37587
37588
34788
37589
28930
39537
37590
39153
37593
28954
37594
39154
34998
37599
37600
28997
39155
29003
29004
37602
29007
29013
29015
29016
29017
29018
29019
29020
29022
29023
29024
29025
29026
29027
29028
29029
29030
29031
29032
29034
29035
29038
29039
29040
29041
29042
29043
29044
29045
29047
29048
29049
29050
29051
29052
29054
29055
29056
29057
29058
29059
29062
29064
37612
29068
29071
29072
38577
34793
29079
29083
29084
40249
29089
29090
29093
37617
37618
34794
37619
38383
37621
37623
33364
37625
40251
37626
36201
37628
29165
37629
37630
40252
37631
29182
37632
29186
35888
34797
29197
37635
29208
37636
29213
29216
29217
29218
29219
29220
29224
29225
29227
29228
29229
29232
29233
29234
29235
29236
29237
29238
29239
29240
38985
29242
29243
37642
29246
29247
29248
29249
29250
35890
29252
29253
29254
29255
29256
29257
29258
29259
29260
29261
29262
29263
29265
29266
29267
29269
29270
29274
37647
29277
29282
29283
29284
34800
33365
29293
40256
29297
29299
37653
37655
39912
37656
35893
37659
37660
39974
29366
37663
37664
29387
39168
39476
37667
29398
29400
37668
37669
33713
37670
29414
37671
39169
36987
29429
29430
29431
29432
29433
29434
34805
29436
37674
33714
29443
29444
40131
29447
29448
29449
29450
29451
29452
29453
29454
29455
29456
29457
29458
29459
29460
29461
29462
29463
29464
29465
29466
29467
29468
29469
29470
29471
29473
29475
29476
29477
29479
29480
29481
29483
37682
29487
37683
29492
29495
37684
29499
29501
29502
37685
29504
37686
37687
36439
37689
37690
37359
39173
39145
37693
37694
37695
37696
39174
37697
36992
37698
38197
37699
37700
37701
39175
37702
29606
29614
29620
29622
37705
29624
29628
37706
29630
29634
29635
29636
29638
29639
29640
29641
29642
29643
29644
29645
29646
37709
29648
29649
29650
29651
29652
29653
29654
29656
29658
29659
29660
29661
29662
29663
29664
29665
29666
29667
29668
29669
29670
29671
29673
29674
29675
29676
29677
29679
29680
29681
29682
29683
37716
29693
38087
37717
29698
29699
37718
29704
37719
33723
37720
29724
29725
37723
37724
33724
37725
39180
38089
37727
33150
37731
39181
29784
37732
29787
37733
34817
32820
29800
29807
29809
29810
38091
37737
29820
40570
29827
33727
37740
29835
29838
29839
29841
38092
29845
29846
39320
29849
29850
29851
29852
29853
29854
29855
29856
29857
29858
29860
29861
29862
29863
29864
29866
29867
29868
29869
29870
29871
29872
29873
29874
29875
29876
29877
29878
29879
29880
29881
29882
29883
29885
29887
29888
29889
29890
29891
39451
29894
29898
37751
29903
29911
37754
29929
39186
37757
39070
37759
37761
37762
37763
40571
37764
40279
37766
39188
34824
37769
30012
37771
37772
30027
30031
30033
38491
30036
30041
30045
40423
30049
30050
30051
30053
30054
30055
30056
37008
37778
30063
30064
30065
30066
37779
30070
30071
30072
30073
30074
30075
30076
30077
30078
30079
30080
30081
30082
30084
30085
30086
30087
30088
30090
30091
30092
30094
30095
30096
30097
30101
30102
30105
30106
39975
32934
39192
30114
30117
30119
37788
38608
37790
40354
40285
37796
38103
30180
34825
33371
30188
40286
30199
39195
30201
30212
37806
30234
30235
30242
30247
33741
30251
30255
30256
30258
30260
30261
30262
30264
37812
30266
30267
30268
30269
30270
30271
30272
30274
30275
30276
30277
30278
30279
30280
30281
30282
30283
30284
30285
30286
30287
30288
30289
30290
30291
30292
30293
30294
30295
30296
30297
30298
30299
30300
30301
30302
30303
30306
37819
30309
30310
30312
37820
30317
30318
37821
39199
30324
37822
37823
30332
37824
37825
40291
39200
37827
39046
37829
39919
37831
37832
37833
37834
37835
37836
39539
39203
30452
30457
30458
30459
30460
30461
30462
30463
30465
30466
30467
30468
30469
30470
39204
30472
30473
30474
37847
30476
30477
37022
30479
30480
37848
30482
30483
30485
30486
30487
30488
30489
30490
30491
30492
30493
30495
30496
30497
30498
30499
30501
30502
30503
30504
38114
30506
30507
37023
30510
30512
30513
39047
30516
39332
30522
30526
37856
30534
30537
37858
30543
37859
40298
37861
39207
37863
30572
37865
37866
37867
39321
30600
30604
37869
30610
38393
30621
37872
37873
37874
30646
37876
30653
37877
30656
30657
37878
30662
30664
38841
30666
30667
30669
30670
30671
30672
30673
30674
30675
30676
30677
30678
30679
30680
30681
30682
30683
30684
37882
30686
30687
30688
30689
30690
30691
30692
30693
30694
30695
30696
37884
30698
30699
30700
30701
30702
30703
30704
30705
30706
30707
30708
30709
30710
30711
30714
30715
30716
30717
30718
37888
33811
37889
40576
37890
30737
37891
37892
30748
37893
37894
39103
37895
30765
30769
37897
37898
37303
37899
33759
37900
37901
39215
37902
37903
37904
30821
30822
37905
30829
37907
30837
37908
30844
30845
34852
30849
33761
39976
32939
37911
30864
37912
37035
30871
30872
30874
30875
30877
30878
30879
30880
30881
30882
30883
30884
30885
30886
30887
30889
30890
30892
39486
30895
30896
30898
30899
30900
30901
30902
30903
30904
30906
30907
30908
30910
30911
30912
30913
30914
30917
37921
30920
39219
30922
30923
30924
30925
30927
37923
37924
33764
30943
30947
30953
37928
37929
33765
37932
37934
39336
31002
37935
37936
39705
31016
33767
37940
31037
31038
37941
39147
37942
37943
31056
34859
33768
38396
37946
39224
31072
37947
31076
31079
31080
37948
31082
31083
31084
31085
31086
31087
31088
31089
31090
33769
31092
31093
31094
31095
31096
31098
31099
31100
31102
31103
31104
31105
31106
31107
31108
31109
31110
31111
31112
31113
31114
31115
31116
31117
31118
31119
31120
31121
31122
31123
31125
31127
31129
31130
31131
31134
37957
31139
37958
31147
37960
31154
37961
37742
37963
39540
37965
31185
31200
31204
31213
40320
31220
37972
39671
38318
31235
31237
31241
40321
37578
39230
37977
31268
31270
31273
39802
38449
39231
31283
31285
31286
31287
31288
31289
31290
31291
31292
31293
31294
31296
31297
31298
31299
31301
31302
31303
31304
31305
31306
31307
31308
31310
31311
31312
31313
31314
31315
31316
31317
31318
31319
31320
31321
31322
31323
31324
31325
31326
31327
31328
31330
31331
37990
31334
31336
37991
31343
39322
40325
37998
37307
35961
31399
39235
37053
38004
33780
31436
31439
31441
38231
31445
38503
31457
38011
31464
31466
37055
31471
31475
31476
31480
31482
38015
31485
31486
31489
31491
39238
31493
31494
31495
31496
31497
31498
31499
31500
31501
31502
31503
31504
31505
31506
31507
31508
31509
31510
31511
31512
31513
31514
31515
31516
31517
31518
31519
31520
31521
31522
31523
31524
31525
31526
31527
31528
31530
31531
31532
31533
31535
31536
31537
31543
31546
31549
40179
31551
39240
31554
31555
37058
38028
39054
31566
38029
38030
38032
37059
31593
38034
31601
38035
31607
38036
38037
31616
34994
37060
38038
38039
39366
33787
38040
31643
31644
38042
37061
31651
31653
38044
31660
33788
31663
38046
37533
38153
38048
31682
31684
31690
31691
38050
31696
31697
31698
31701
31702
31703
31704
31705
31706
31708
31709
31710
31711
31712
31713
31714
31715
31716
31717
31718
31719
31720
31721
31722
31723
31724
31725
31726
31727
31728
31729
31730
31731
31732
31733
31734
31735
31736
31737
31738
31739
31740
31741
31742
31749
31751
31754
31761
38062
31770
38063
33818
33792
38065
38067
38157
31801
33793
31814
38401
38071
39249
38073
39279
31841
33794
38075
38076
31850
31851
39250
31855
38159
35977
31865
31868
31870
31871
31872
38080
31876
31878
38081
39251
31887
38083
31893
31896
31899
31902
31903
31905
31906
31907
31908
31909
31910
31911
31912
31913
31914
31915
31916
31917
31918
31919
31920
31921
31922
31923
31924
31925
31927
31928
31929
31930
31931
31932
31933
31934
31935
31936
31937
31938
31939
31940
31941
31942
31943
31944
31945
31946
31947
31948
31949
31950
38093
31953
31955
38094
33798
38095
31965
38096
31973
38097
31978
38098
38099
38100
38101
32000
39255
38102
32011
38104
38105
39803
32026
38106
39256
38107
38108
32045
38109
32049
38110
32056
32947
32064
38112
32068
38113
32073
32074
32075
32077
33911
32081
33802
32083
32087
32093
38117
38992
32099
32101
32104
32105
32107
32108
32111
32113
32114
32115
32116
32117
32118
32119
32120
32121
32122
32123
32124
32125
32126
32127
32128
32129
32130
32131
32132
32134
32135
32136
32137
32138
32139
32140
32141
32142
32143
32144
32145
32146
32147
32148
32149
32150
32151
32152
32153
32156
32158
32162
32166
38129
32171
38130
32174
38131
32184
38132
32190
38133
38134
39262
37749
36268
38139
38140
32237
38141
39263
38142
32249
32251
35990
32256
38144
32263
32268
38146
32271
32275
32282
32285
38149
32289
32290
32292
38150
32297
32299
32303
32304
32305
32307
32309
32311
32314
32315
32316
32317
32319
32320
32321
32322
32323
32324
32325
32326
32327
32328
32329
32330
32331
32332
32333
32334
32335
32336
32337
32338
32339
32340
32341
32342
32343
32344
32345
32346
32347
32348
32349
32350
32351
32352
32353
32354
32355
32356
32357
32358
32359
32361
39267
38162
32366
32370
32372
38164
33812
32392
38167
39496
38168
38169
38170
39269
38178
38145
32433
38174
32439
32443
40151
40361
38187
38177
37088
35997
39060
32467
35132
32471
38180
38181
32483
32484
38182
32487
40371
32503
32513
32515
32518
37090
32522
32523
32525
32526
32527
32528
32529
32530
32531
32532
32533
32534
32535
32536
32537
32538
32539
32540
32541
32542
32543
32544
32545
32546
32547
32548
32549
32550
32551
32552
32553
32554
32555
32556
32557
32558
32559
32560
32561
32562
32563
32564
32566
32571
32572
32575
32577
32579
37092
32582
38199
32588
32591
32611
38206
39158
38207
38959
38208
32643
32647
38212
32668
38214
32678
32680
32683
32684
40415
32697
32699
32704
32707
32713
32718
32720
32723
38222
32727
32728
32729
32730
32731
32732
32733
32734
32735
32736
32737
32738
32739
32740
32741
32743
32744
32745
32746
32747
32748
32749
32750
32751
32752
32753
32754
32755
32756
32757
32758
32759
32760
32761
32762
32763
32764
32765
32766
