44
51
52
61
66
69
74
77
83
87
89
93
97
100
102
105
106
107
109
111
114
121
122
124
127
130
132
140
144
148
149
150
152
156
158
160
163
166
167
169
171
172
174
176
178
181
189
192
197
199
205
215
222
226
228
247
255
260
262
266
269
279
285
290
296
300
303
306
307
309
313
317
320
327
333
344
346
348
349
351
359
362
363
365
369
370
371
375
376
377
378
379
380
391
393
397
400
405
406
411
423
429
430
440
453
456
459
460
462
464
465
468
478
479
483
490
491
496
499
505
506
507
508
510
511
514
515
518
524
525
535
537
547
551
557
558
559
561
565
566
570
574
577
588
589
597
598
602
605
606
609
614
616
631
637
638
644
646
656
665
675
677
688
692
693
706
711
713
718
719
726
732
737
741
746
748
755
758
762
764
766
768
770
772
773
780
785
786
788
789
790
793
794
797
798
801
802
806
807
809
810
812
815
817
818
819
821
827
836
841
870
891
892
897
899
901
905
909
917
921
923
931
934
942
943
954
960
964
965
966
968
970
972
973
974
976
984
986
988
991
992
994
1000
1001
1005
1008
1010
1015
1019
1036
1080
1102
1119
1120
1130
1131
1145
1147
1155
1160
1166
1175
1185
1186
1192
1195
1196
1197
1198
1199
1201
1203
1205
1206
1207
1209
1210
1211
1215
1223
1228
1229
1231
1232
1281
1284
1286
1305
1307
1309
1324
1330
1333
1335
1337
1338
1340
1353
1356
1359
1365
1368
1369
1371
1373
1375
1382
1383
1387
1389
1392
1394
1404
1407
1410
1413
1416
1418
1424
1425
1456
1460
1484
1492
1506
1507
1513
1526
1527
1532
1539
1540
1541
1546
1547
1553
1561
1567
1568
1580
1582
1585
1589
1591
1610
1611
1614
1615
1616
1617
1618
1620
1626
1629
1631
1636
1642
1643
1645
1656
1658
1679
1689
1711
1720
1721
1725
1726
1733
1780
1790
1794
1797
1801
1803
1804
1806
1809
1815
1824
1825
1826
1828
1829
1832
1833
1842
1843
1845
1847
1849
1851
1861
1877
1889
1894
1908
1917
1918
1935
1939
1954
1965
1970
1973
1977
1981
1987
1995
1998
2013
2019
2020
2023
2030
2031
2032
2036
2039
2041
2049
2051
2053
2060
2064
2070
2075
2077
2098
2103
2109
2112
2140
2144
2158
2159
2161
2180
2204
2210
2217
2226
2229
2237
2240
2242
2243
2244
2245
2246
2247
2249
2257
2260
2263
2265
2287
2292
2303
2304
2307
2337
2341
2348
2358
2369
2381
2391
2397
2412
2419
2432
2434
2441
2442
2443
2444
2448
2450
2452
2453
2461
2465
2468
2471
2476
2477
2493
2501
2507
2513
2517
2521
2525
2550
2556
2558
2587
2589
2591
2592
2597
2614
2616
2623
2626
2629
2634
2638
2639
2641
2643
2647
2648
2651
2652
2653
2654
2657
2658
2662
2667
2671
2681
2684
2686
2692
2693
2710
2711
2712
2727
2738
2765
2771
2779
2793
2812
2823
2832
2843
2847
2851
2853
2854
2856
2860
2862
2864
2867
2868
2871
2875
2883
2887
2893
2903
2912
2914
2921
2923
2924
2925
2935
2936
2954
2959
2977
2984
3002
3008
3025
3043
3049
3054
3056
3058
3059
3065
3067
3068
3082
3084
3120
3122
3123
3129
3142
3163
3165
3166
3173
3178
3183
3202
3208
3223
3226
3228
3231
3256
3264
3265
3268
3269
3270
3272
3273
3274
3282
3291
3309
3325
3329
3330
3336
3337
3348
3355
3402
3403
3426
3432
3439
3442
3448
3454
3463
3465
3469
3471
3473
3477
3479
3480
3481
3488
3490
3492
3494
3495
3516
3523
3525
3550
3552
3584
3601
3606
3612
3620
3633
3643
3657
3666
3669
3673
3674
3677
3682
3683
3684
3687
3689
3697
3703
3707
3708
3714
3742
3747
3750
3773
3782
3790
3813
3831
3840
3849
3855
3858
3881
3882
3885
3888
3889
3892
3894
3913
3923
3925
3930
3931
3932
3937
3943
3955
3984
4005
4007
4012
4013
4017
4024
4037
4053
4058
4075
4076
4084
4087
4088
4089
4094
4095
4097
4098
4112
4113
4116
4121
4122
4124
4143
4158
4159
4160
4163
4168
4170
4190
4207
4221
4233
4242
4247
4265
4274
4278
4293
4296
4303
4304
4306
4307
4323
4332
4334
4341
4356
4370
4379
4418
4422
4425
4427
4431
4445
4477
4500
4504
4506
4511
4516
4517
4519
4527
4531
4539
4552
4563
4565
4575
4608
4641
4646
4651
4655
4656
4674
4676
4678
4681
4683
4686
4690
4695
4703
4704
4705
4709
4717
4721
4731
4735
4754
4766
4768
4769
4777
4782
4813
4836
4858
4866
4870
4888
4910
4913
4917
4918
4922
4924
4925
4926
4927
4929
4931
4932
4938
4944
4948
4952
4953
4957
4978
4983
5036
5050
5064
5085
5114
5120
5131
5141
5148
5149
5154
5244
5254
5257
5281
5292
5306
5322
5326
5332
5335
5338
5349
5351
5354
5384
5386
5389
5397
5427
5435
5453
5471
5474
5476
5481
5509
5520
5534
5535
5540
5545
5546
5566
5577
5583
5589
5594
5603
5632
5650
5664
5665
5701
5718
5723
5727
5732
5733
5734
5736
5739
5740
5743
5744
5745
5746
5751
5752
5755
5757
5765
5766
5767
5788
5802
5849
5851
5886
5893
5897
5909
5918
5921
5923
5925
5926
5930
5936
5941
5945
5946
5950
5951
5955
5958
6002
6044
6056
6076
6090
6092
6093
6130
6132
6143
6145
6146
6156
6161
6164
6165
6174
6195
6197
6220
6245
6247
6260
6262
6281
6297
6303
6325
6337
6339
6340
6342
6343
6351
6354
6358
6359
6361
6362
6367
6368
6369
6370
6371
6373
6383
6384
6385
6387
6409
6412
6422
6466
6494
6500
6522
6529
6532
6546
6547
6554
6556
6558
6563
6564
6571
6572
6577
6584
6588
6600
6609
6610
6613
6627
6648
6651
6669
6678
6696
6704
6705
6706
6726
6746
6748
6749
6752
6753
6755
6756
6763
6775
6780
6783
6784
6796
6807
6816
6833
6854
6893
6897
6914
6918
6920
6944
6953
6980
6981
6982
6983
6989
6990
7001
7003
7010
7016
7020
7026
7034
7100
7115
7118
7122
7135
7156
7157
7165
7166
7167
7181
7183
7187
7189
7191
7193
7207
7217
7225
7240
7276
7308
7320
7327
7332
7367
7368
7374
7377
7380
7390
7392
7397
7398
7400
7402
7410
7413
7416
7429
7455
7476
7500
7520
7529
7530
7531
7537
7558
7561
7577
7583
7595
7598
7604
7605
7620
7629
7647
7650
7708
7731
7736
7800
7801
7802
7804
7805
7806
7808
7811
7812
7817
7827
7839
7985
7987
8009
8010
8011
8014
8015
8019
8046
8106
8117
8159
8173
8214
8215
8221
8235
8236
8258
8260
8269
8288
8293
8362
8391
8420
8423
8424
8430
8438
8439
8445
8446
8447
8461
8474
8535
8543
8576
8598
8601
8613
8614
8618
8631
8632
8633
8634
8646
8651
8657
8665
8674
8680
8743
8775
8825
8827
8831
8832
8834
8836
8837
8841
8850
8851
8854
8878
8893
8980
8999
9029
9031
9034
9035
9038
9039
9042
9044
9051
9057
9058
9061
9066
9084
9162
9216
9236
9239
9242
9245
9246
9247
9248
9249
9251
9258
9264
9265
9266
9267
9268
9269
9293
9314
9399
9416
9424
9426
9440
9447
9450
9451
9453
9457
9458
9459
9460
9463
9468
9470
9472
9475
9476
9552
9605
9647
9650
9654
9659
9662
9663
9664
9666
9668
9677
9681
9713
9788
9791
9829
9831
9832
9834
9859
9861
9866
9867
9869
9873
9876
9877
9881
9883
9885
9887
9899
9900
9912
9987
9989
10037
10038
10043
10060
10064
10067
10069
10070
10078
10086
10088
10089
10090
10091
10092
10093
10098
10122
10268
10271
10274
10276
10279
10282
10284
10288
10290
10295
10296
10297
10298
10299
10342
10452
10477
10478
10481
10482
10484
10485
10487
10488
10489
10491
10492
10493
10494
10495
10496
10500
10501
10504
10637
10643
10648
10650
10682
10683
10684
10687
10690
10692
10695
10698
10699
10702
10705
10708
10709
10711
10734
10746
10766
10787
10893
10896
10901
10902
10903
10905
10906
10908
10910
10913
10914
10916
10917
10919
10952
11000
11030
11084
11095
11097
11099
11103
11106
11108
11110
11112
11113
11114
11116
11121
11123
11212
11254
11255
11272
11301
11304
11307
11315
11316
11317
11318
11320
11321
11322
11323
11326
11327
11332
11355
11417
11468
11476
11477
11502
11518
11520
11521
11522
11524
11525
11526
11528
11530
11532
11533
11535
11570
11696
11716
11717
11721
11724
11727
11729
11730
11732
11733
11735
11737
11738
11739
11744
11751
11753
11918
11919
11928
11929
11932
11934
11936
11937
11939
11942
11943
11944
11945
11946
11947
11951
11953
12133
12134
12140
12145
12147
12148
12151
12152
12159
12164
12176
12180
12247
12303
12340
12341
12346
12348
12349
12351
12352
12353
12354
12355
12356
12357
12359
12402
12476
12542
12548
12549
12551
12553
12558
12559
12585
12613
12691
12748
12751
12753
12754
12755
12758
12761
12764
12766
12770
12784
12790
12949
12955
12956
12959
12961
12962
12963
12964
12965
12967
12969
12970
12972
12973
12974
12975
12976
13021
13023
13160
13161
13163
13164
13166
13167
13168
13170
13173
13174
13179
13180
13182
13183
13189
13366
13370
13374
13376
13377
13378
13379
13381
13386
13388
13401
13402
13573
13574
13575
13576
13577
13581
13583
13584
13586
13587
13588
13590
13591
13592
13593
13595
13701
13777
13786
13787
13794
13797
13798
13800
13983
13986
13990
13991
13993
13995
13997
13999
14001
14002
14005
14006
14007
14139
14186
14195
14198
14199
14200
14203
14206
14208
14209
14210
14211
14212
14213
14398
14401
14406
14407
14409
14413
14414
14416
14419
14428
14610
14611
14613
14614
14616
14618
14619
14620
14621
14622
14625
14629
14784
14809
14811
14812
14813
14817
14819
14824
14825
14826
14830
15019
15024
15025
15026
15029
15032
15033
15034
15037
15076
15220
15226
15230
15232
15236
15237
15238
15239
15240
15241
15242
15243
15342
15395
15435
15436
15443
15447
15448
15449
15643
15648
15649
15651
15652
15655
15678
15844
15846
15852
15853
15856
15860
15861
16053
16064
16065
16072
16083
16255
16256
16258
16262
16263
16268
16271
16272
16450
16457
16461
16467
16473
16474
16475
16476
16478
16479
16676
16683
16684
16685
16762
16866
16867
16872
16879
16882
16884
16888
16891
17087
17089
17091
17094
17095
17099
17101
17117
17286
17287
17292
17296
17298
17300
17301
17485
17489
17491
17496
17500
17505
17506
17507
17706
17710
17712
17714
17903
17904
17918
17919
17920
17921
18110
18114
18116
18117
18123
18125
18131
18303
18312
18332
18519
18527
18533
18534
18535
18537
18538
18540
18544
18723
18725
18736
18740
18742
18745
18747
18934
18941
18942
18943
18946
18949
18950
18952
19140
19144
19145
19147
19153
19155
19157
19351
19352
19354
19355
19356
19359
19362
19367
19553
19558
19559
19560
19564
19569
19754
19764
19766
19767
19771
19773
19774
19963
19967
19971
19979
19980
19981
19985
20172
20174
20178
20180
20181
20182
20192
20380
20381
20383
20388
20390
20393
20398
20582
20586
20589
20593
20595
20597
20598
20599
20603
20792
20793
20795
20798
20800
20801
20802
20803
20804
20806
20809
20997
20999
21000
21002
21003
21005
21006
21010
21011
21203
21204
21205
21208
21209
21210
21211
21212
21219
21220
21404
21405
21410
21414
21418
21419
21421
21423
21425
21606
21612
21620
21621
21622
21623
21624
21625
21627
21629
21817
21820
21828
21834
22020
22034
22039
22042
22231
22232
22237
22238
22241
22243
22244
22245
22246
22247
22430
22435
22439
22441
22446
22448
22449
22450
22453
22454
22642
22646
22647
22649
22650
22652
22654
22656
22657
22659
22660
22852
22854
22856
22857
22860
22868
23043
23054
23055
23066
23067
23068
23069
23263
23264
23265
23268
23272
23278
23469
23473
23475
23476
23479
23481
23660
23670
23677
23678
23683
23689
23878
23883
23885
23890
23891
23894
23895
23897
23898
24083
24092
24094
24097
24100
24102
24267
24290
24302
24303
24500
24501
24502
24505
24506
24507
24509
24511
24514
24517
24518
24519
24668
24704
24721
24722
24904
24914
24920
24925
24932
25119
25126
25127
25129
25131
25135
25322
25323
25324
25325
25326
25327
25331
25336
25337
25338
25341
25342
25530
25539
25541
25542
25544
25545
25546
25548
25550
25746
25749
25756
25758
25937
25945
25946
25951
25953
26150
26153
26156
26159
26165
26173
26346
26348
26352
26362
26364
26370
26377
26537
26540
26561
26570
26571
26575
26581
26585
26741
26760
26769
26776
26779
26780
26783
26787
26955
26973
26978
26981
26986
26988
26992
27176
27178
27181
27195
27196
27198
27200
27218
27368
27375
27385
27386
27392
27396
27402
27405
27581
27587
27592
27598
27599
27603
27604
27606
27607
27610
27615
27766
27767
27786
27794
27805
27812
27815
27986
28000
28008
28010
28027
28182
28203
28208
28220
28222
28224
28226
28228
28234
28236
28241
28399
28405
28415
28421
28424
28430
28437
28440
28443
28598
28612
28618
28619
28622
28623
28624
28625
28631
28633
28637
28639
28642
28643
28649
28806
28810
28821
28825
28833
28840
28846
28850
28856
28999
29027
29034
29035
29040
29043
29046
29052
29054
29055
29056
29057
29219
29233
29239
29244
29249
29253
29255
29258
29260
29263
29434
29436
29443
29447
29448
29451
29457
29458
29463
29464
29466
29467
29473
29656
29662
29663
29665
29667
29672
29678
29684
29833
29844
29849
29852
29856
29857
29860
29871
29877
30041
30051
30056
30067
30070
30072
30077
30080
30081
30082
30084
30087
30091
30101
30117
30232
30281
30284
30286
30287
30290
30293
30297
30471
30472
30474
30478
30480
30482
30487
30489
30491
30493
30494
30495
30497
30499
30504
30575
30649
30660
30670
30673
30679
30684
30689
30692
30694
30698
30701
30702
30703
30706
30707
30710
30712
30869
30877
30884
30890
30896
30902
30905
30910
30912
30913
30914
30917
30926
31025
31086
31087
31092
31099
31104
31108
31110
31112
31116
31117
31118
31120
31122
31286
31292
31296
31305
31310
31316
31317
31318
31319
31320
31323
31324
31328
31336
31501
31502
31507
31508
31511
31514
31521
31523
31524
31527
31531
31536
31698
31709
31714
31719
31724
31725
31727
31728
31729
31730
31732
31734
31746
31856
31905
31906
31908
31910
31912
31914
31920
31921
31922
31924
31925
31926
31927
31928
31930
31932
31933
31936
31938
31942
31943
31947
31950
32108
32114
32115
32117
32120
32123
32124
32127
32128
32132
32134
32135
32136
32137
32139
32140
32141
32142
32144
32146
32148
32165
32196
32317
32321
32323
32324
32325
32326
32327
32328
32329
32331
32336
32338
32340
32343
32345
32347
32349
32350
32351
32352
32353
32354
32355
32356
32359
32524
32526
32527
32529
32533
32535
32536
32537
32545
32546
32548
32550
32552
32553
32554
32555
32556
32557
32558
32559
32562
32563
32680
32699
32703
32729
32733
32735
32736
32737
32738
32739
32742
32743
32748
32751
32752
32754
32755
32756
32757
32758
32759
32760
32761
32764
32765
32766
32903
32936
32938
32939
32940
32943
32944
32945
32947
32948
32950
32951
32953
32955
32957
32958
32959
32960
32961
32962
32964
32965
32966
32969
32970
32971
32973
33144
33152
33154
33156
33158
33160
33164
33165
33166
33167
33168
33169
33170
33171
33172
33173
33174
33175
33176
33177
33180
33181
33183
33189
33299
33305
33316
33323
33328
33353
33354
33355
33356
33358
33363
33366
33367
33368
33370
33371
33372
33373
33374
33375
33376
33377
33378
33379
33380
33381
33382
33383
33384
33386
33387
33388
33389
33390
33395
33512
33517
33551
33552
33561
33562
33563
33564
33566
33567
33568
33569
33570
33571
33572
33573
33574
33575
33576
33579
33580
33582
33583
33585
33586
33587
33588
33589
33590
33592
33595
33596
33602
33604
33682
33709
33719
33726
33727
33730
33742
33762
33768
33769
33770
33772
33773
33774
33776
33782
33783
33784
33785
33786
33787
33789
33791
33792
33793
33794
33795
33796
33797
33798
33799
33802
33806
33915
33922
33923
33927
33928
33933
33934
33935
33936
33940
33964
33966
33972
33973
33975
33976
33977
33979
33981
33982
33984
33986
33987
33988
33989
33991
33992
33993
33994
33995
33996
33997
33998
33999
34000
34001
34002
34004
34005
34007
34008
34010
34012
34013
34024
34065
34112
34114
34116
34128
34129
34130
34139
34165
34181
34182
34183
34184
34186
34187
34188
34190
34191
34192
34193
34194
34195
34196
34197
34198
34199
34200
34201
34202
34203
34205
34206
34207
34208
34209
34210
34211
34212
34213
34218
34219
34220
34229
34230
34233
34239
34251
34313
34339
34342
34345
34346
34350
34362
34368
34380
34386
34389
34392
34395
34396
34397
34400
34401
34402
34404
34405
34406
34407
34408
34409
34411
34412
34413
34414
34415
34416
34417
34418
34419
34420
34421
34423
34430
34440
34441
34444
34447
34469
34529
34535
34538
34546
34551
34552
34553
34583
34587
34588
34589
34593
34595
34598
34599
34600
34601
34602
34605
34606
34607
34608
34610
34611
34613
34615
34616
34617
34619
34620
34623
34625
34626
34628
34629
34630
34632
34636
34638
34645
34646
34647
34651
34655
34689
34717
34733
34743
34745
34749
34755
34757
34776
34789
34794
34798
34800
34803
34804
34805
34806
34807
34808
34809
34811
34812
34814
34816
34817
34818
34820
34821
34822
34823
34824
34825
34826
34827
34828
34829
34830
34832
34833
34834
34836
34838
34839
34841
34843
34847
34849
34850
34853
34857
34875
34923
34930
34934
34939
34942
34944
34951
34960
34963
34964
34966
34983
34987
34992
34998
35000
35004
35007
35009
35010
35011
35012
35013
35014
35015
35016
35017
35018
35019
35021
35022
35023
35024
35025
35026
35027
35029
35030
35031
35033
35034
35035
35037
35038
35039
35040
35041
35042
35044
35048
35057
35059
35060
35071
35075
35092
35140
35143
35148
35153
35155
35160
35163
35165
35167
35170
35179
35186
35197
35203
35205
35206
35208
35209
35210
35211
35212
35215
35216
35217
35218
35219
35220
35221
35222
35223
35224
35225
35226
35228
35229
35230
35231
35232
35233
35234
35235
35237
35238
35239
35240
35241
35242
35243
35245
35246
35247
35248
35249
35252
35253
35257
35258
35264
35266
35267
35273
35281
35288
35306
35310
35323
35346
35350
35353
35355
35356
35359
35361
35362
35363
35365
35366
35369
35373
35374
35375
35376
35377
35378
35379
35380
35400
35410
35414
35415
35418
35420
35421
35422
35423
35424
35425
35427
35428
35429
35430
35431
35432
35435
35436
35437
35438
35439
35440
35441
35444
35445
35447
35449
35450
35451
35452
35453
35455
35456
35459
35460
35465
35467
35471
35479
35481
35491
35493
35495
35505
35541
35546
35554
35556
35557
35559
35560
35561
35562
35567
35570
35571
35573
35574
35575
35577
35578
35583
35587
35603
35613
35615
35619
35620
35621
35624
35625
35626
35627
35628
35629
35630
35631
35632
35633
35634
35635
35636
35637
35638
35639
35640
35641
35642
35643
35644
35645
35646
35647
35648
35649
35652
35653
35654
35655
35656
35657
35658
35661
35662
35663
35664
35668
35670
35673
35674
35675
35676
35677
35679
35680
35682
35684
35685
35686
35689
35695
35705
35718
35746
35765
35768
35769
35773
35777
35781
35782
35783
35786
35787
35788
35791
35792
35793
35817
35820
35821
35827
35828
35829
35830
35832
35833
35834
35835
35836
35837
35838
35839
35840
35841
35842
35843
35846
35847
35848
35851
35852
35853
35857
35858
35860
35861
35863
35864
35865
35866
35867
35868
35869
35870
35873
35874
35875
35876
35877
35878
35879
35881
35882
35885
35886
35887
35890
35892
35896
35903
35908
35912
35920
35938
35947
35957
35958
35959
35961
35963
35965
35966
35967
35968
35971
35972
35978
35982
35983
35985
35988
35990
35991
35992
35994
35995
35996
35997
35999
36000
36010
36013
36018
36022
36023
36024
36025
36028
36034
36035
36036
36037
36038
36039
36040
36041
36042
36043
36044
36045
36046
36047
36048
36049
36053
36054
36055
36056
36057
36058
36059
36060
36061
36063
36065
36066
36067
36068
36069
36070
36071
36072
36073
36074
36075
36076
36077
36081
36083
36084
36086
36089
36094
36095
36097
36098
36101
36103
36107
36108
36109
36113
36115
36117
36120
36122
36123
36128
36133
36163
36165
36166
36167
36169
36170
36171
36172
36173
36177
36178
36179
36187
36188
36193
36194
36199
36200
36203
36205
36218
36237
36240
36241
36242
36243
36244
36245
36246
36247
36248
36249
36250
36251
36252
36253
36254
36255
36257
36258
36259
36260
36262
36263
36264
36265
36267
36268
36269
36270
36271
36272
36274
36275
36276
36277
36278
36279
36280
36281
36282
36283
36284
36285
36286
36287
36288
36290
36291
36292
36293
36297
36298
36301
36302
36303
36308
36310
36317
36319
36320
36321
36323
36325
36329
36335
36336
36338
36339
36345
36366
36369
36371
36373
36375
36378
36381
36383
36385
36387
36388
36393
36397
36398
36402
36403
36405
36406
36408
36411
36414
36431
36434
36438
36440
36442
36444
36446
36447
36448
36449
36450
36451
36452
36453
36454
36455
36456
36457
36458
36459
36460
36461
36462
36463
36465
36466
36467
36468
36469
36471
36472
36474
36475
36476
36477
36478
36479
36480
36481
36482
36483
36485
36487
36488
36489
36491
36493
36494
36498
36499
36500
36501
36502
36503
36505
36506
36507
36508
36510
36511
36512
36515
36517
36519
36520
36522
36523
36525
36526
36527
36528
36529
36530
36532
36537
36538
36540
36541
36542
36543
36545
36550
36571
36573
36576
36577
36580
36581
36587
36588
36589
36591
36592
36593
36594
36596
36597
36598
36599
36600
36602
36604
36605
36609
36610
36612
36613
36615
36622
36623
36626
36641
36644
36648
36649
36652
36653
36654
36655
36656
36657
36658
36659
36660
36662
36663
36664
36665
36666
36667
36669
36670
36671
36672
36674
36675
36676
36677
36678
36679
36681
36682
36683
36684
36685
36687
36688
36689
36690
36691
36692
36694
36695
36696
36697
36698
36699
36701
36704
36705
36706
36709
36711
36712
36715
36716
36717
36718
36720
36721
36722
36724
36725
36726
36727
36729
36730
36734
36737
36738
36741
36742
36743
36745
36746
36747
36749
36750
36751
36752
36761
36784
36786
36789
36792
36794
36795
36798
36799
36800
36801
36802
36804
36808
36809
36811
36813
36817
36821
36823
36825
36826
36828
36829
36841
36842
36844
36849
36850
36852
36853
36854
36855
36856
36857
36858
36859
36860
36861
36862
36863
36864
36865
36866
36867
36868
36869
36870
36871
36872
36873
36874
36875
36876
36877
36878
36879
36881
36882
36883
36885
36886
36887
36888
36890
36891
36893
36894
36895
36898
36899
36900
36901
36902
36903
36905
36906
36907
36908
36909
36913
36914
36917
36920
36921
36924
36925
36928
36929
36930
36931
36932
36933
36934
36938
36939
36940
36942
36943
36944
36945
36947
36949
36950
36951
36952
36953
36954
36956
36958
36961
36964
36966
36976
36978
36979
36982
36983
36989
36991
36992
36994
36996
36997
37001
37004
37010
37013
37015
37016
37018
37019
37021
37024
37025
37026
37027
37029
37030
37031
37032
37036
37037
37038
37048
37049
37054
37056
37057
37058
37060
37061
37063
37064
37065
37066
37067
37068
37069
37070
37071
37072
37073
37074
37075
37076
37077
37078
37079
37080
37081
37082
37083
37084
37085
37086
37088
37089
37090
37091
37092
37094
37095
37096
37097
37098
37099
37100
37101
37102
37103
37105
37106
37107
37109
37110
37112
37113
37114
37116
37121
37124
37128
37129
37131
37132
37135
37136
37137
37138
37139
37140
37141
37142
37143
37145
37146
37147
37148
37150
37152
37153
37154
37157
37163
37165
37168
37170
37174
37178
37180
37184
37189
37190
37191
37195
37196
37197
37198
37199
37200
37201
37205
37206
37208
37209
37210
37212
37213
37214
37215
37216
37218
37223
37227
37228
37231
37232
37233
37234
37235
37237
37238
37239
37245
37246
37247
37252
37253
37254
37257
37258
37263
37264
37267
37268
37269
37270
37271
37272
37273
37274
37275
37276
37277
37278
37279
37280
37281
37282
37283
37284
37285
37287
37288
37289
37290
37291
37292
37293
37294
37295
37296
37298
37300
37301
37302
37303
37304
37306
37307
37308
37310
37311
37312
37313
37314
37315
37316
37317
37318
37319
37320
37321
37322
37323
37324
37326
37329
37331
37332
37334
37336
37337
37338
37339
37342
37343
37345
37346
37347
37348
37349
37351
37352
37353
37354
37356
37357
37358
37361
37362
37363
37364
37366
37367
37368
37370
37373
37374
37376
37381
37387
37393
37395
37396
37397
37398
37399
37400
37401
37404
37407
37408
37411
37416
37417
37418
37419
37422
37425
37428
37429
37430
37431
37432
37433
37434
37435
37436
37437
37439
37442
37443
37444
37445
37449
37451
37452
37454
37455
37457
37460
37462
37464
37465
37467
37468
37469
37472
37473
37474
37475
37476
37477
37478
37479
37480
37481
37482
37483
37484
37485
37486
37487
37488
37489
37490
37491
37492
37493
37494
37495
37496
37497
37498
37499
37500
37501
37502
37503
37504
37505
37506
37507
37508
37510
37512
37516
37517
37518
37519
37520
37521
37522
37523
37524
37525
37526
37527
37528
37529
37530
37533
37534
37536
37537
37538
37539
37541
37542
37543
37544
37545
37546
37549
37550
37551
37552
37554
37555
37556
37557
37558
37559
37560
37561
37562
37563
37564
37565
37566
37567
37570
37571
37575
37577
37578
37579
37581
37584
37588
37589
37590
37595
37597
37598
37599
37601
37603
37606
37608
37610
37612
37615
37616
37617
37620
37621
37625
37626
37628
37631
37637
37638
37639
37640
37641
37643
37644
37646
37647
37648
37650
37652
37653
37655
37656
37657
37662
37666
37667
37669
37670
37671
37673
37674
37675
37676
37677
37678
37679
37680
37681
37682
37683
37684
37685
37686
37687
37688
37689
37690
37691
37692
37693
37694
37695
37696
37697
37698
37699
37700
37701
37702
37703
37704
37705
37706
37707
37708
37709
37710
37711
37712
37714
37715
37716
37717
37718
37719
37720
37721
37724
37725
37726
37727
37728
37729
37730
37731
37732
37733
37735
37736
37737
37738
37743
37744
37745
37746
37747
37749
37752
37754
37755
37757
37758
37760
37762
37764
37765
37766
37768
37769
37770
37772
37773
37774
37775
37776
37777
37779
37781
37782
37783
37784
37785
37787
37788
37789
37790
37791
37792
37794
37795
37798
37803
37805
37808
37810
37811
37812
37815
37816
37817
37819
37822
37823
37824
37826
37828
37829
37839
37842
37843
37844
37847
37848
37850
37851
37854
37857
37858
37863
37864
37866
37867
37870
37873
37874
37875
37877
37878
37879
37880
37881
37883
37884
37885
37886
37887
37888
37889
37890
37891
37892
37893
37894
37895
37896
37897
37898
37899
37900
37901
37902
37903
37904
37905
37906
37908
37909
37910
37911
37912
37913
37914
37915
37916
37918
37919
37920
37921
37922
37923
37924
37925
37926
37927
37928
37929
37930
37931
37932
37933
37934
37935
37936
37937
37938
37939
37940
37941
37942
37943
37945
37946
37947
37948
37949
37950
37952
37953
37954
37956
37959
37960
37961
37962
37963
37965
37966
37967
37969
37972
37973
37975
37976
37978
37980
37981
37982
37984
37985
37986
37987
37990
37992
37993
37995
37996
38000
38001
38002
38003
38005
38007
38008
38009
38010
38012
38015
38017
38021
38023
38025
38027
38029
38032
38033
38034
38035
38036
38037
38038
38040
38043
38045
38046
38050
38053
38054
38055
38057
38059
38060
38061
38062
38063
38064
38066
38068
38071
38076
38078
38079
38081
38086
38087
38088
38089
38090
38091
38092
38093
38094
38095
38096
38097
38098
38099
38100
38101
38102
38103
38104
38105
38106
38107
38108
38109
38110
38111
38112
38113
38114
38115
38116
38117
38118
38119
38120
38121
38122
38123
38124
38125
38126
38127
38128
38129
38130
38131
38132
38133
38134
38135
38137
38139
38140
38141
38142
38143
38145
38146
38147
38148
38150
38151
38152
38154
38155
38157
38159
38160
38161
38162
38163
38165
38166
38168
38171
38172
38173
38174
38177
38179
38180
38181
38182
38183
38185
38186
38187
38188
38189
38190
38192
38193
38194
38195
38196
38197
38200
38205
38206
38209
38210
38215
38216
38217
38219
38220
38222
38223
38225
38226
38229
38230
38231
38232
38233
38234
38235
38237
38238
38240
38241
38242
38243
38246
38247
38248
38249
38251
38252
38253
38255
38257
38258
38261
38262
38263
38264
38268
38269
38270
38271
38272
38275
38277
38280
38281
38282
38283
38284
38285
38288
38289
38290
38291
38292
38293
38294
38295
38296
38297
38298
38299
38300
38301
38302
38303
38304
38305
38306
38307
38308
38309
38310
38311
38312
38313
38314
38315
38316
38317
38318
38319
38320
38321
38322
38323
38324
38325
38326
38327
38328
38329
38330
38332
38333
38334
38335
38336
38337
38339
38341
38342
38343
38344
38345
38348
38349
38350
38351
38352
38353
38354
38355
38356
38357
38359
38361
38362
38365
38369
38370
38371
38372
38373
38374
38377
38378
38379
38383
38385
38387
38389
38391
38392
38393
38394
38396
38398
38399
38400
38401
38402
38403
38404
38405
38406
38407
38408
38409
38411
38413
38414
38415
38417
38418
38419
38420
38423
38426
38427
38428
38429
38430
38431
38433
38434
38436
38438
38439
38446
38447
38448
38450
38451
38453
38454
38456
38457
38459
38460
38462
38464
38469
38470
38471
38472
38473
38474
38478
38481
38482
38483
38485
38487
38489
38491
38492
38493
38494
38496
38498
38499
38500
38501
38502
38503
38504
38505
38506
38507
38508
38509
38510
38512
38513
38514
38515
38516
38517
38518
38519
38520
38521
38522
38523
38524
38525
38526
38527
38528
38529
38530
38531
38532
38533
38534
38535
38537
38538
38539
38540
38541
38542
38543
38544
38545
38546
38548
38549
38550
38551
38552
38555
38556
38557
38558
38559
38560
38561
38562
38564
38565
38566
38569
38571
38573
38574
38577
38578
38579
38580
38581
38582
38583
38584
38585
38586
38587
38588
38589
38590
38591
38592
38593
38594
38595
38596
38597
38598
38599
38600
38603
38607
38609
38610
38614
38615
38616
38617
38618
38619
38622
38623
38624
38625
38627
38628
38629
38630
38631
38632
38633
38637
38639
38641
38644
38645
38646
38647
38648
38651
38652
38655
38656
38657
38659
38661
38666
38668
38669
38670
38672
38675
38676
38678
38679
38681
38682
38684
38685
38688
38691
38693
38694
38698
38699
38700
38705
38706
38707
38708
38709
38710
38711
38712
38713
38714
38715
38716
38717
38718
38719
38720
38721
38722
38723
38724
38725
38726
38727
38728
38729
38730
38731
38732
38733
38734
38735
38736
38738
38739
38740
38742
38743
38744
38747
38748
38749
38750
38751
38752
38753
38754
38755
38756
38757
38759
38760
38761
38762
38763
38764
38765
38766
38767
38768
38769
38770
38771
38772
38774
38775
38776
38777
38779
38780
38783
38784
38787
38788
38789
38790
38791
38793
38795
38796
38799
38802
38803
38804
38806
38807
38809
38810
38813
38814
38815
38819
38820
38821
38822
38823
38825
38826
38827
38828
38829
38831
38832
38833
38835
38836
38837
38838
38839
38840
38841
38842
38843
38844
38845
38846
38847
38848
38851
38852
38853
38854
38855
38856
38858
38859
38861
38862
38863
38864
38865
38868
38869
38871
38873
38875
38877
38878
38879
38880
38881
38883
38884
38887
38888
38889
38890
38893
38895
38896
38898
38899
38900
38901
38906
38908
38909
38910
38911
38912
38913
38914
38915
38916
38917
38918
38919
38920
38921
38922
38923
38924
38925
38926
38927
38928
38929
38930
38931
38932
38933
38934
38936
38937
38938
38939
38940
38941
38942
38943
38944
38945
38946
38947
38949
38950
38951
38952
38953
38954
38955
38956
38957
38959
38960
38961
38962
38963
38964
38965
38966
38967
38968
38969
38970
38971
38972
38973
38974
38975
38976
38978
38979
38980
38982
38983
38985
38986
38989
38990
38991
38992
38993
38994
38996
38997
38998
39000
39001
39002
39003
39004
39005
39006
39007
39008
39009
39010
39011
39012
39013
39017
39019
39022
39023
39024
39025
39026
39027
39028
39029
39030
39032
39033
39034
39035
39036
39037
39038
39039
39040
39041
39042
39043
39044
39046
39047
39049
39050
39051
39052
39053
39054
39055
39056
39057
39058
39059
39061
39062
39063
39064
39066
39069
39070
39071
39072
39073
39076
39077
39078
39080
39081
39082
39084
39085
39086
39087
39088
39089
39091
39092
39095
39096
39097
39098
39103
39106
39107
39109
39112
39113
39114
39115
39116
39117
39118
39119
39120
39121
39122
39123
39124
39125
39126
39127
39128
39129
39130
39131
39132
39133
39134
39135
39136
39137
39138
39139
39140
39142
39143
39145
39146
39147
39148
39149
39150
39151
39152
39153
39154
39155
39156
39157
39158
39159
39160
39161
39162
39163
39164
39165
39167
39168
39170
39171
39172
39173
39174
39175
39176
39177
39180
39181
39183
39185
39187
39188
39190
39191
39192
39194
39195
39196
39197
39199
39201
39202
39204
39207
39208
39209
39211
39213
39214
39215
39216
39217
39219
39221
39223
39224
39225
39226
39229
39230
39231
39232
39233
39234
39235
39236
39237
39238
39239
39241
39244
39245
39246
39248
39249
39250
39251
39252
39253
39254
39255
39256
39257
39258
39259
39260
39261
39262
39263
39264
39265
39266
39267
39269
39270
39271
39272
39273
39274
39275
39277
39279
39280
39283
39284
39285
39286
39288
39289
39290
39291
39292
39294
39295
39298
39299
39300
39301
39303
39307
39310
39311
39313
39314
39315
39316
39318
39319
39321
39323
39324
39325
39326
39327
39329
39330
39331
39332
39333
39334
39335
39336
39337
39338
39339
39340
39341
39342
39343
39344
39345
39346
39347
39348
39349
39350
39351
39352
39353
39354
39355
39356
39357
39358
39359
39360
39361
39362
39363
39364
39365
39367
39368
39369
39370
39371
39372
39373
39375
39376
39377
39378
39379
39380
39381
39382
39383
39384
39385
39386
39387
39391
39392
39393
39394
39395
39397
39398
39399
39400
39402
39403
39405
39406
39410
39411
39412
39414
39415
39416
39417
39418
39419
39420
39421
39422
39424
39429
39430
39431
39432
39433
39434
39435
39436
39437
39438
39439
39440
39441
39442
39443
39444
39445
39446
39447
39448
39449
39450
39451
39452
39453
39455
39456
39457
39458
39459
39460
39461
39462
39463
39464
39465
39466
39467
39468
39470
39471
39472
39473
39474
39475
39476
39477
39478
39479
39481
39482
39483
39485
39486
39487
39489
39490
39492
39493
39495
39496
39498
39499
39500
39501
39502
39504
39507
39508
39511
39513
39514
39515
39517
39518
39519
39520
39521
39522
39523
39524
39525
39526
39527
39528
39529
39530
39531
39532
39533
39534
39535
39536
39537
39538
39539
39540
39541
39542
39543
39544
39545
39546
39547
39548
39549
39550
39551
39552
39553
39554
39555
39556
39557
39558
39559
39560
39561
39562
39563
39564
39565
39566
39567
39568
39569
39570
39571
39572
39573
39574
39575
39577
39578
39579
39580
39582
39583
39584
39585
39586
39587
39588
39590
39591
39593
39594
39595
39596
39597
39598
39599
39600
39602
39603
39605
39606
39607
39608
39609
39610
39611
39616
39617
39618
39619
39620
39622
39624
39625
39627
39628
39629
39630
39632
39633
39634
39635
39637
39638
39639
39640
39641
39642
39644
39645
39646
39647
39648
39649
39650
39651
39652
39653
39654
39656
39657
39658
39659
39660
39661
39662
39663
39664
39665
39666
39667
39668
39669
39670
39671
39672
39673
39674
39676
39677
39678
39679
39680
39681
39682
39683
39684
39685
39686
39687
39688
39690
39691
39692
39693
39694
39695
39696
39697
39703
39704
39705
39706
39707
39708
39709
39710
39711
39712
39716
39717
39718
39720
39721
39722
39723
39724
39725
39726
39727
39728
39730
39731
39732
39733
39735
39736
39737
39738
39739
39740
39741
39742
39743
39744
39745
39746
39747
39748
39749
39750
39751
39752
39753
39754
39755
39756
39757
39758
39759
39760
39761
39762
39763
39766
39767
39768
39769
39770
39771
39772
39773
39774
39775
39776
39777
39778
39779
39780
39781
39782
39783
39784
39786
39787
39788
39789
39790
39791
39792
39793
39794
39795
39796
39797
39798
39801
39804
39805
39808
39812
39813
39814
39818
39819
39820
39823
39824
39828
39829
39830
39831
39832
39834
39835
39836
39837
39838
39839
39840
39841
39842
39843
39846
39848
39850
39851
39852
39853
39854
39855
39856
39857
39859
39860
39861
39862
39863
39864
39865
39866
39867
39868
39869
39870
39871
39872
39873
39874
39875
39876
39877
39878
39879
39880
39881
39882
39883
39884
39885
39887
39888
39889
39890
39891
39892
39893
39895
39896
39897
39899
39901
39902
39907
39909
39910
39911
39913
39915
39916
39917
39920
39921
39922
39923
39924
39925
39926
39927
39928
39929
39930
39931
39932
39934
39935
39939
39940
39941
39942
39943
39944
39945
39946
39947
39948
39949
39950
39951
39953
39954
39955
39956
39957
39958
39959
39960
39961
39962
39963
39964
39965
39967
39968
39969
39970
39971
39972
39973
39974
39975
39976
39978
39979
39980
39982
39984
39985
39986
39987
39988
39989
39990
39991
39992
39993
39994
39995
39996
39997
39998
39999
40000
40001
40002
40003
40007
40008
40013
40014
40015
40017
40018
40019
40021
40022
40024
40025
40026
40027
40028
40029
40032
40033
40037
40038
40039
40040
40041
40042
40043
40044
40045
40046
40047
40048
40050
40051
40052
40053
40054
40055
40056
40057
40058
40059
40060
40061
40063
40064
40065
40066
40067
40068
40069
40070
40071
40072
40073
40074
40075
40076
40078
40079
40080
40081
40082
40083
40084
40085
40086
40087
40088
40089
40090
40091
40092
40093
40094
40095
40096
40097
40098
40099
40100
40101
40102
40103
40104
40106
40108
40110
40111
40113
40114
40116
40117
40118
40120
40121
40122
40123
40124
40125
40126
40128
40129
40130
40131
40132
40133
40135
40136
40137
40139
40141
40142
40143
40146
40147
40148
40149
40150
40151
40152
40153
40154
40155
40156
40157
40158
40159
40160
40161
40162
40163
40164
40165
40166
40167
40168
40169
40170
40171
40172
40173
40174
40175
40176
40178
40179
40180
40181
40182
40183
40184
40185
40186
40187
40188
40189
40190
40191
40192
40193
40194
40195
40196
40197
40198
40200
40203
40204
40205
40206
40207
40209
40210
40211
40216
40218
40223
40224
40225
40227
40228
40229
40230
40231
40232
40233
40235
40236
40237
40238
40239
40240
40242
40243
40244
40245
40246
40248
40249
40250
40252
40253
40254
40255
40256
40257
40258
40259
40261
40262
40264
40265
40266
40267
40268
40269
40270
40271
40272
40273
40274
40275
40277
40278
40279
40280
40282
40283
40284
40285
40286
40287
40288
40289
40290
40291
40292
40294
40296
40298
40299
40300
40301
40302
40305
40306
40308
40310
40311
40312
40313
40314
40315
40316
40317
40318
40319
40320
40321
40322
40323
40327
40328
40329
40333
40334
40335
40336
40337
40338
40339
40340
40341
40342
40344
40345
40346
40347
40349
40350
40351
40352
40353
40354
40355
40356
40357
40358
40359
40360
40361
40363
40364
40365
40366
40367
40368
40369
40370
40371
40372
40373
40374
40375
40376
40377
40378
40379
40380
40382
40383
40384
40385
40386
40387
40388
40389
40390
40391
40392
40393
40394
40395
40396
40397
40398
40399
40400
40401
40402
40403
40404
40405
40406
40407
40408
40409
40410
40411
40412
40414
40416
40418
40421
40423
40424
40425
40426
40430
40431
40432
40434
40435
40436
40437
40438
40439
40442
40443
40444
40445
40446
40447
40448
40449
40450
40451
40452
40453
40454
40455
40456
40457
40458
40459
40460
40461
40462
40463
40464
40466
40467
40468
40469
40472
40473
40474
40475
40477
40478
40479
40480
40482
40483
40484
40485
40486
40487
40488
40489
40490
40491
40492
40493
40494
40495
40496
40498
40499
40500
40501
40502
40503
40504
40506
40507
40508
40509
40510
40511
40513
40514
40515
40516
40518
40519
40520
40522
40524
40525
40526
40527
40529
40530
40531
40532
40533
40534
40535
40536
40537
40538
40539
40540
40541
40543
40545
40546
40548
40550
40551
40554
40555
40556
40557
40558
40559
40560
40561
40563
40564
40565
40566
40567
40568
40569
40570
40571
40572
40573
40574
40575
40576
40577
40578
40579
40580
40581
